-------------------------------
記録開始: 2024/12/08 03:21(PM)
-------------------------------
記録開始: 2024/12/08 03:21(PM)
-------------------------------
記録開始: 2024/12/08 03:21(PM)
-------------------------------
記録開始: 2024/12/08 03:21(PM)
-------------------------------
記録開始: 2024/12/08 03:21(PM)
-------------------------------
記録開始: 2024/12/08 03:21(PM)
-------------------------------
記録開始: 2024/12/08 03:21(PM)
終了時刻: 2024/12/09 01:18(AM)
朝ラ@a07
全部: [[0, 0, 0, 0, 0, 0, 0, 0, 0, 0, 0, 0, 0, 0, 0, 0, 0, 0, 0, 0, 0, 0, 0, 0, 0, 0, 0, 0, 0, 0, 0, 0, 0, 0, 0, 0, 0, 0, 0, 0, 0, 0, 0, 0, 0, 0, 0, 0, 0, 0], [0, 0, 0, 0, 0, 0, 0, 0, 0, 0, 0, 0, 0, 0, 0, 0, 0, 0, 0, 0, 0, 0, 0, 0, 0, 0, 0, 0, 0, 0, 0, 0, 0, 0, 0, 0, 0, 0, 0, 0, 0, 0, 0, 0, 0, 0, 0, 0, 0, 0], [0, 0, 0, 0, 0, 0, 0, 0, 0, 0, 0, 0, 0, 0, 0, 0, 0, 0, 0, 0, 0, 0, 0, 0, 0, 0, 0, 0, 0, 0, 0, 0, 0, 0, 0, 0, 0, 0, 0, 0, 0, 0, 0, 0, 0, 0, 0, 0, 0, 0], [0, 0, 0, 0, 0, 0, 0, 0, 0, 0, 0, 0, 0, 0, 0, 0, 0, 0, 0, 0, 0, 0, 0, 0, 0, 0, 0, 0, 0, 0, 0, 0, 0, 0, 0, 0, 0, 0, 0, 0, 0, 0, 0, 0, 0, 0, 0, 0, 0, 0], [0, 0, 0, 0, 0, 0, 0, 0, 0, 0, 0, 0, 0, 0, 0, 0, 0, 0, 0, 0, 0, 0, 0, 0, 0, 0, 0, 0, 0, 0, 0, 0, 0, 0, 0, 0, 0, 0, 0, 0, 0, 0, 0, 0, 0, 0, 0, 0, 0, 0], [0, 0, 0, 0, 0, 0, 0, 0, 0, 0, 0, 0, 0, 0, 0, 0, 0, 0, 0, 0, 0, 0, 0, 0, 0, 0, 0, 0, 0, 0, 0, 0, 0, 0, 0, 0, 0, 0, 0, 0, 0, 0, 0, 0, 0, 0, 0, 0, 0, 0], [0, 0, 0, 0, 0, 0, 0, 0, 0, 0, 0, 0, 0, 0, 0, 0, 0, 0, 0, 0, 0, 0, 0, 0, 0, 0, 0, 0, 0, 0, 0, 0, 0, 0, 0, 0, 0, 0, 0, 0, 0, 0, 0, 0, 0, 0, 0, 0, 0, 0], [0, 0, 0, 0, 0, 0, 0, 0, 0, 0, 0, 0, 0, 0, 0, 0, 0, 0, 0, 0, 0, 0, 0, 0, 0, 0, 0, 0, 0, 0, 0, 0, 0, 0, 0, 0, 0, 0, 0, 0, 0, 0, 0, 0, 0, 0, 0, 0, 0, 0], [0, 0, 0, 0, 0, 0, 0, 0, 0, 0, 0, 0, 0, 0, 0, 0, 0, 0, 0, 0, 0, 0, 0, 0, 0, 0, 0, 0, 0, 0, 0, 0, 0, 0, 0, 0, 0, 0, 0, 0, 0, 0, 0, 0, 0, 0, 0, 0, 0, 0], [0, 0, 0, 0, 0, 0, 0, 0, 0, 0, 0, 0, 0, 0, 0, 0, 0, 0, 0, 0, 0, 0, 0, 0, 0, 0, 0, 0, 0, 0, 0, 0, 0, 0, 0, 0, 0, 0, 0, 0, 0, 0, 0, 0, 0, 0, 0, 0, 0, 0], [0, 0, 0, 0, 0, 0, 0, 0, 0, 0, 0, 0, 0, 0, 0, 0, 0, 0, 0, 0, 0, 0, 0, 0, 0, 0, 0, 0, 0, 0, 0, 0, 0, 0, 0, 0, 0, 0, 0, 0, 0, 0, 0, 0, 0, 0, 0, 0, 0, 0], [0, 0, 0, 0, 0, 0, 0, 0, 0, 0, 0, 0, 0, 0, 0, 0, 0, 0, 0, 0, 0, 0, 0, 0, 0, 0, 0, 0, 0, 0, 0, 0, 0, 0, 0, 0, 0, 0, 0, 0, 0, 0, 0, 0, 0, 0, 0, 0, 0, 0], [0, 0, 0, 0, 0, 0, 0, 0, 0, 0, 0, 0, 0, 0, 0, 0, 0, 0, 0, 0, 0, 0, 0, 0, 0, 0, 0, 0, 0, 0, 0, 0, 0, 0, 0, 0, 0, 0, 0, 0, 0, 0, 0, 0, 0, 0, 0, 0, 0, 0], [0, 0, 0, 0, 0, 0, 0, 0, 0, 0, 0, 0, 0, 0, 0, 0, 0, 0, 0, 0, 0, 0, 0, 0, 0, 0, 0, 0, 0, 0, 0, 0, 0, 0, 0, 0, 0, 0, 0, 0, 0, 0, 0, 0, 0, 0, 0, 0, 0, 0], [0, 0, 0, 0, 0, 0, 0, 0, 0, 0, 0, 0, 0, 0, 0, 0, 0, 0, 0, 0, 0, 0, 0, 0, 0, 0, 0, 0, 0, 0, 0, 0, 0, 0, 0, 0, 0, 0, 0, 0, 0, 0, 0, 0, 0, 0, 0, 0, 0, 0], [0, 0, 0, 0, 0, 0, 0, 0, 0, 0, 0, 0, 0, 0, 0, 0, 0, 0, 0, 0, 0, 0, 0, 0, 0, 0, 0, 0, 0, 0, 0, 0, 0, 0, 0, 0, 0, 0, 0, 0, 0, 0, 0, 0, 0, 0, 0, 0, 0, 0], [0, 0, 0, 0, 0, 0, 0, 0, 0, 0, 0, 0, 0, 0, 0, 0, 0, 0, 0, 0, 0, 0, 0, 0, 0, 0, 0, 0, 0, 0, 0, 0, 0, 0, 0, 0, 0, 0, 0, 0, 0, 0, 0, 0, 0, 0, 0, 0, 0, 0], [0, 0, 0, 0, 0, 0, 0, 0, 0, 0, 0, 0, 0, 0, 0, 0, 0, 0, 0, 0, 0, 0, 0, 0, 0, 0, 0, 0, 0, 0, 0, 0, 0, 0, 0, 0, 0, 0, 0, 0, 0, 0, 0, 0, 0, 0, 0, 0, 0, 0], [0, 0, 0, 0, 0, 0, 0, 0, 0, 0, 0, 0, 0, 0, 0, 0, 0, 0, 0, 0, 0, 0, 0, 0, 0, 0, 0, 0, 0, 0, 0, 0, 0, 0, 0, 0, 0, 0, 0, 0, 0, 0, 0, 0, 0, 0, 0, 0, 0, 0], [0, 0, 0, 0, 0, 0, 0, 0, 0, 0, 0, 0, 0, 0, 0, 0, 0, 0, 0, 0, 0, 0, 0, 0, 0, 0, 0, 0, 0, 0, 0, 0, 0, 0, 0, 0, 0, 0, 0, 0, 0, 0, 0, 0, 0, 1, 43, 100, 155, 10], [0, 0, 0, 0, 0, 0, 0, 0, 0, 0, 0, 0, 0, 0, 0, 0, 0, 0, 0, 0, 0, 0, 0, 0, 0, 0, 0, 0, 0, 0, 0, 0, 0, 0, 0, 0, 0, 0, 0, 0, 0, 0, 0, 5, 116, 520, 2617, 9102, 9329, 2368], [0, 0, 0, 0, 0, 0, 0, 0, 0, 0, 0, 0, 0, 0, 0, 0, 0, 0, 0, 0, 0, 0, 0, 0, 0, 0, 0, 0, 0, 0, 0, 0, 0, 0, 0, 0, 0, 0, 0, 0, 0, 3, 48, 381, 1184, 4541, 6669, 2134, 173, 17], [0, 0, 0, 0, 0, 0, 0, 0, 0, 0, 0, 0, 0, 0, 0, 0, 0, 0, 0, 0, 0, 0, 0, 0, 0, 0, 0, 0, 0, 0, 0, 0, 0, 0, 0, 0, 0, 0, 0, 2, 18, 192, 793, 2623, 5130, 4888, 5303, 9734, 9371, 2420], [0, 0, 0, 0, 0, 0, 0, 0, 0, 0, 0, 0, 0, 0, 0, 0, 0, 0, 0, 0, 0, 0, 0, 0, 0, 0, 0, 0, 0, 0, 0, 0, 0, 0, 0, 0, 0, 0, 9, 66, 484, 1625, 3568, 4569, 5006, 6750, 7050, 1907, 285, 10], [0, 0, 0, 0, 0, 0, 0, 0, 0, 0, 0, 0, 0, 0, 0, 0, 0, 0, 0, 0, 0, 0, 0, 0, 0, 0, 0, 0, 0, 0, 0, 0, 0, 0, 0, 0, 0, 29, 242, 1122, 2646, 3973, 4861, 5809, 6560, 6153, 6126, 9758, 9007, 2431], [0, 0, 0, 0, 0, 0, 0, 0, 0, 0, 0, 0, 0, 0, 0, 0, 0, 0, 0, 0, 0, 0, 0, 0, 0, 0, 0, 0, 0, 0, 0, 0, 0, 0, 1, 7, 118, 751, 2177, 3459, 4828, 5583, 6508, 6951, 7485, 7242, 5958, 1614, 554, 656], [0, 0, 0, 0, 0, 0, 0, 0, 0, 0, 0, 0, 0, 0, 0, 0, 0, 0, 0, 0, 0, 0, 0, 0, 0, 0, 0, 0, 0, 0, 0, 0, 0, 6, 91, 596, 1966, 3599, 4911, 6437, 7059, 8308, 8743, 9146, 8411, 8378, 7901, 10545, 9252, 3394], [0, 0, 0, 0, 0, 0, 0, 0, 0, 0, 0, 0, 0, 0, 0, 0, 0, 0, 0, 0, 0, 0, 0, 0, 0, 0, 0, 0, 0, 0, 0, 3, 65, 556, 1991, 3947, 5604, 7024, 8195, 9290, 10290, 10877, 11420, 11521, 11034, 10144, 8817, 4638, 17, 452], [0, 0, 0, 0, 0, 0, 0, 0, 0, 0, 0, 0, 0, 0, 0, 0, 0, 0, 0, 0, 0, 0, 0, 0, 0, 0, 0, 0, 0, 0, 450, 645, 2121, 4522, 6694, 8180, 9400, 10374, 11326, 12094, 12625, 13040, 13853, 13938, 14658, 15558, 15581, 9869, 19, 245], [0, 0, 0, 0, 0, 0, 0, 0, 0, 0, 0, 0, 0, 0, 0, 0, 0, 0, 0, 0, 0, 0, 0, 0, 0, 2, 4, 4, 4, 19, 6475, 9400, 8578, 10256, 11286, 11887, 12771, 13200, 13425, 14001, 15210, 17002, 18660, 19846, 20835, 21351, 21034, 12955, 76, 209], [0, 0, 0, 0, 0, 0, 0, 0, 0, 0, 0, 0, 0, 0, 0, 0, 0, 0, 0, 0, 0, 0, 1, 11, 81, 352, 927, 2057, 3797, 6357, 17836, 20288, 15659, 14950, 14907, 15065, 14697, 14933, 15310, 16622, 19907, 22701, 24107, 25236, 25780, 25782, 25093, 14881, 128, 114], [0, 0, 0, 0, 0, 0, 0, 0, 0, 0, 0, 0, 0, 0, 0, 0, 0, 0, 0, 0, 0, 0, 1162, 6141, 7334, 9974, 13383, 17304, 22024, 26375, 28928, 24538, 20302, 18302, 17353, 16581, 16483, 16167, 17517, 22359, 25740, 27884, 28882, 28578, 28355, 28154, 27027, 15779, 140, 0], [0, 0, 0, 0, 0, 0, 0, 0, 0, 0, 0, 0, 0, 0, 0, 0, 0, 0, 0, 0, 15, 2172, 12794, 7795, 10979, 14888, 17543, 20055, 23393, 26204, 26942, 24496, 20872, 18663, 17562, 17415, 16545, 16875, 21825, 27945, 30845, 32032, 31330, 29992, 29234, 28596, 26376, 15673, 252, 0], [0, 0, 0, 0, 0, 0, 0, 0, 0, 0, 0, 0, 0, 0, 0, 0, 0, 0, 0, 25, 3416, 17074, 8301, 12428, 16837, 19521, 20725, 21790, 23821, 25475, 25663, 22870, 19056, 17596, 16527, 16319, 15632, 17315, 26520, 33437, 36339, 36051, 33051, 29889, 27711, 25455, 22725, 13526, 148, 48], [0, 0, 0, 4, 4, 3, 0, 0, 0, 0, 0, 0, 0, 0, 0, 135, 25, 30, 1525, 7456, 22343, 10006, 13069, 18816, 22596, 22837, 21606, 20899, 21636, 23754, 23078, 19344, 15761, 15009, 14735, 14190, 12930, 17778, 29178, 39030, 41726, 40556, 35123, 32667, 26322, 20219, 16392, 8599, 191, 54], [0, 0, 0, 13, 12, 21, 68, 72, 112, 248, 539, 1179, 1985, 3033, 3847, 2931, 6263, 10877, 19750, 29341, 13629, 14440, 18976, 23571, 28693, 27934, 21328, 17737, 15900, 15881, 15709, 12587, 12045, 12143, 11594, 10612, 9314, 18018, 32051, 42288, 44192, 41845, 24983, 19729, 19448, 16466, 8941, 3366, 566, 66], [0, 0, 9, 9, 2, 0, 280, 5796, 7587, 10016, 12139, 13887, 15473, 17876, 22924, 25567, 24230, 25150, 27613, 22604, 18595, 18926, 20547, 25748, 28516, 10490, 4990, 3099, 2495, 3964, 3205, 4514, 6854, 7348, 7096, 5773, 5451, 15000, 28653, 36659, 39099, 36800, 25083, 2212, 1954, 1856, 1398, 303, 22, 4], [0, 0, 5, 7, 1, 0, 374, 8694, 10606, 11009, 11839, 15112, 18702, 20625, 20981, 21452, 22288, 22104, 21145, 20102, 18937, 18999, 21912, 20434, 1079, 4, 4, 9, 41, 413, 73, 147, 3045, 4715, 3505, 3280, 6202, 11947, 24425, 31525, 34453, 33951, 10696, 705, 404, 88, 10, 7, 5, 0], [0, 0, 8, 14, 0, 124, 1722, 9956, 10333, 12231, 16380, 18942, 20194, 20311, 20122, 19451, 18841, 18404, 17783, 16638, 15812, 17585, 13944, 218, 0, 0, 0, 7, 56, 53, 0, 14, 3110, 3318, 3486, 7017, 8213, 10493, 19680, 27071, 28877, 30230, 6942, 354, 102, 6, 0, 0, 0, 0], [0, 0, 18, 7, 118, 1717, 6942, 12333, 13974, 15909, 19112, 20075, 18279, 16786, 15952, 15332, 14476, 13677, 12569, 11263, 10401, 6421, 15, 0, 0, 0, 0, 6, 58, 51, 10, 426, 2545, 4769, 8757, 8584, 8690, 8485, 13066, 21587, 22741, 26616, 6662, 337, 34, 2, 0, 0, 0, 0], [0, 0, 16, 21, 604, 15585, 13820, 11873, 13488, 16831, 24206, 23792, 18086, 14609, 11451, 8643, 6671, 4920, 3482, 2387, 1022, 0, 0, 0, 0, 0, 0, 0, 11, 16, 327, 1830, 7228, 10428, 7930, 8603, 7388, 5446, 4814, 11756, 17036, 23652, 5635, 374, 6, 0, 0, 0, 0, 0], [0, 0, 20, 42, 1246, 22004, 14505, 14208, 14020, 18055, 21209, 2926, 481, 316, 714, 444, 307, 198, 95, 18, 0, 0, 0, 0, 0, 0, 0, 0, 1, 23, 2256, 18990, 9041, 6673, 9393, 6837, 3659, 1351, 569, 3577, 12452, 20805, 4738, 266, 4, 0, 0, 0, 0, 0], [0, 0, 0, 32, 1218, 22894, 13943, 13757, 13226, 18019, 21216, 190, 65, 12, 62, 22, 11, 3, 0, 0, 0, 0, 0, 0, 0, 0, 0, 0, 0, 7, 2054, 8248, 9044, 10212, 4502, 1646, 521, 117, 26, 860, 6174, 18175, 3800, 128, 39, 0, 0, 0, 0, 0], [0, 0, 0, 0, 626, 23699, 16139, 10858, 6773, 5225, 11851, 5, 1, 0, 0, 0, 0, 0, 0, 0, 0, 0, 0, 0, 0, 0, 0, 0, 0, 3, 1899, 19215, 7290, 1725, 714, 206, 32, 2, 12, 363, 1286, 8532, 2891, 42, 49, 7, 0, 0, 0, 0], [0, 0, 0, 0, 25, 5858, 510, 33, 0, 0, 0, 0, 0, 0, 0, 0, 0, 0, 0, 0, 0, 0, 0, 0, 0, 0, 0, 0, 0, 3, 1791, 6161, 709, 303, 67, 6, 0, 0, 28, 331, 288, 140, 1332, 29, 64, 10, 0, 0, 0, 0], [0, 0, 0, 0, 0, 0, 0, 0, 0, 0, 0, 0, 0, 0, 0, 0, 0, 0, 0, 0, 0, 0, 0, 0, 0, 0, 0, 0, 0, 0, 27, 77, 61, 4, 0, 0, 0, 0, 2, 306, 434, 261, 72, 54, 56, 0, 0, 0, 0, 0], [0, 0, 0, 0, 0, 0, 0, 0, 0, 0, 0, 0, 0, 0, 0, 0, 0, 0, 0, 0, 0, 0, 0, 0, 0, 0, 0, 0, 0, 0, 0, 0, 0, 0, 0, 0, 0, 0, 0, 74, 314, 330, 121, 41, 0, 0, 0, 0, 0, 0], [0, 0, 0, 0, 0, 0, 0, 0, 0, 0, 0, 0, 0, 0, 0, 0, 0, 0, 0, 0, 0, 0, 0, 0, 0, 0, 0, 0, 0, 0, 0, 0, 0, 0, 0, 0, 0, 0, 0, 0, 2, 35, 21, 0, 0, 0, 0, 0, 0, 0], [0, 0, 0, 0, 0, 0, 0, 0, 0, 0, 0, 0, 0, 0, 0, 0, 0, 0, 0, 0, 0, 0, 0, 0, 0, 0, 0, 0, 0, 0, 0, 0, 0, 0, 0, 0, 0, 0, 0, 0, 0, 0, 0, 0, 0, 0, 0, 0, 0, 0], [0, 0, 0, 0, 0, 0, 0, 0, 0, 0, 0, 0, 0, 0, 0, 0, 0, 0, 0, 0, 0, 0, 0, 0, 0, 0, 0, 0, 0, 0, 0, 0, 0, 0, 0, 0, 0, 0, 0, 0, 0, 0, 0, 0, 0, 0, 0, 0, 0, 0]]
最大通過人数: 44192
最大通過地点: [np.int64(40), np.int64(35)]
フレーム数:30300
スキップf:300
総脱出数: 48809人
脱出数/f: 1.627
平均速度: 2.279
淵野辺民: 10029
淵野辺ワーカー: 38780
上位20: [44192, 42288, 41845, 41726, 40556, 39099, 39030, 36800, 36659, 36339, 36051, 35123, 34453, 33951, 33437, 33051, 32667, 32051, 32032, 31525]
第一四分位数: 329.25
第二四分位数: 7266.0
第三四分位数: 17010.5
標準偏差: 9956.979
-------------------------------
終了時刻: 2024/12/09 01:28(AM)
朝ラ@a04
全部: [[0, 0, 0, 0, 0, 0, 0, 0, 0, 0, 0, 0, 0, 0, 0, 0, 0, 0, 0, 0, 0, 0, 0, 0, 0, 0, 0, 0, 0, 0, 0, 0, 0, 0, 0, 0, 0, 0, 0, 0, 0, 0, 0, 0, 0, 0, 0, 0, 0, 0], [0, 0, 0, 0, 0, 0, 0, 0, 0, 0, 0, 0, 0, 0, 0, 0, 0, 0, 0, 0, 0, 0, 0, 0, 0, 0, 0, 0, 0, 0, 0, 0, 0, 0, 0, 0, 0, 0, 0, 0, 0, 0, 0, 0, 0, 0, 0, 0, 0, 0], [0, 0, 0, 0, 0, 0, 0, 0, 0, 0, 0, 0, 0, 0, 0, 0, 0, 0, 0, 0, 0, 0, 0, 0, 0, 0, 0, 0, 0, 0, 0, 0, 0, 0, 0, 0, 0, 0, 0, 0, 0, 0, 0, 0, 0, 0, 0, 0, 0, 0], [0, 0, 0, 0, 0, 0, 0, 0, 0, 0, 0, 0, 0, 0, 0, 0, 0, 0, 0, 0, 0, 0, 0, 0, 0, 0, 0, 0, 0, 0, 0, 0, 0, 0, 0, 0, 0, 0, 0, 0, 0, 0, 0, 0, 0, 0, 0, 0, 0, 0], [0, 0, 0, 0, 0, 0, 0, 0, 0, 0, 0, 0, 0, 0, 0, 0, 0, 0, 0, 0, 0, 0, 0, 0, 0, 0, 0, 0, 0, 0, 0, 0, 0, 0, 0, 0, 0, 0, 0, 0, 0, 0, 0, 0, 0, 0, 0, 0, 0, 0], [0, 0, 0, 0, 0, 0, 0, 0, 0, 0, 0, 0, 0, 0, 0, 0, 0, 0, 0, 0, 0, 0, 0, 0, 0, 0, 0, 0, 0, 0, 0, 0, 0, 0, 0, 0, 0, 0, 0, 0, 0, 0, 0, 0, 0, 0, 0, 0, 0, 0], [0, 0, 0, 0, 0, 0, 0, 0, 0, 0, 0, 0, 0, 0, 0, 0, 0, 0, 0, 0, 0, 0, 0, 0, 0, 0, 0, 0, 0, 0, 0, 0, 0, 0, 0, 0, 0, 0, 0, 0, 0, 0, 0, 0, 0, 0, 0, 0, 0, 0], [0, 0, 0, 0, 0, 0, 0, 0, 0, 0, 0, 0, 0, 0, 0, 0, 0, 0, 0, 0, 0, 0, 0, 0, 0, 0, 0, 0, 0, 0, 0, 0, 0, 0, 0, 0, 0, 0, 0, 0, 0, 0, 0, 0, 0, 0, 0, 0, 0, 0], [0, 0, 0, 0, 0, 0, 0, 0, 0, 0, 0, 0, 0, 0, 0, 0, 0, 0, 0, 0, 0, 0, 0, 0, 0, 0, 0, 0, 0, 0, 0, 0, 0, 0, 0, 0, 0, 0, 0, 0, 0, 0, 0, 0, 0, 0, 0, 0, 0, 0], [0, 0, 0, 0, 0, 0, 0, 0, 0, 0, 0, 0, 0, 0, 0, 0, 0, 0, 0, 0, 0, 0, 0, 0, 0, 0, 0, 0, 0, 0, 0, 0, 0, 0, 0, 0, 0, 0, 0, 0, 0, 0, 0, 0, 0, 0, 0, 0, 0, 0], [0, 0, 0, 0, 0, 0, 0, 0, 0, 0, 0, 0, 0, 0, 0, 0, 0, 0, 0, 0, 0, 0, 0, 0, 0, 0, 0, 0, 0, 0, 0, 0, 0, 0, 0, 0, 0, 0, 0, 0, 0, 0, 0, 0, 0, 0, 0, 0, 0, 0], [0, 0, 0, 0, 0, 0, 0, 0, 0, 0, 0, 0, 0, 0, 0, 0, 0, 0, 0, 0, 0, 0, 0, 0, 0, 0, 0, 0, 0, 0, 0, 0, 0, 0, 0, 0, 0, 0, 0, 0, 0, 0, 0, 0, 0, 0, 0, 0, 0, 0], [0, 0, 0, 0, 0, 0, 0, 0, 0, 0, 0, 0, 0, 0, 0, 0, 0, 0, 0, 0, 0, 0, 0, 0, 0, 0, 0, 0, 0, 0, 0, 0, 0, 0, 0, 0, 0, 0, 0, 0, 0, 0, 0, 0, 0, 0, 0, 0, 0, 0], [0, 0, 0, 0, 0, 0, 0, 0, 0, 0, 0, 0, 0, 0, 0, 0, 0, 0, 0, 0, 0, 0, 0, 0, 0, 0, 0, 0, 0, 0, 0, 0, 0, 0, 0, 0, 0, 0, 0, 0, 0, 0, 0, 0, 0, 0, 0, 0, 0, 0], [0, 0, 0, 0, 0, 0, 0, 0, 0, 0, 0, 0, 0, 0, 0, 0, 0, 0, 0, 0, 0, 0, 0, 0, 0, 0, 0, 0, 0, 0, 0, 0, 0, 0, 0, 0, 0, 0, 0, 0, 0, 0, 0, 0, 0, 0, 0, 0, 0, 0], [0, 0, 0, 0, 0, 0, 0, 0, 0, 0, 0, 0, 0, 0, 0, 0, 0, 0, 0, 0, 0, 0, 0, 0, 0, 0, 0, 0, 0, 0, 0, 0, 0, 0, 0, 0, 0, 0, 0, 0, 0, 0, 0, 0, 0, 0, 0, 0, 0, 0], [0, 0, 0, 0, 0, 0, 0, 0, 0, 0, 0, 0, 0, 0, 0, 0, 0, 0, 0, 0, 0, 0, 0, 0, 0, 0, 0, 0, 0, 0, 0, 0, 0, 0, 0, 0, 0, 0, 0, 0, 0, 0, 0, 0, 0, 0, 0, 0, 0, 0], [0, 0, 0, 0, 0, 0, 0, 0, 0, 0, 0, 0, 0, 0, 0, 0, 0, 0, 0, 0, 0, 0, 0, 0, 0, 0, 0, 0, 0, 0, 0, 0, 0, 0, 0, 0, 0, 0, 0, 0, 0, 0, 0, 0, 0, 0, 0, 0, 0, 0], [0, 0, 0, 0, 0, 0, 0, 0, 0, 0, 0, 0, 0, 0, 0, 0, 0, 0, 0, 0, 0, 0, 0, 0, 0, 0, 0, 0, 0, 0, 0, 0, 0, 0, 0, 0, 0, 0, 0, 0, 0, 0, 0, 0, 0, 0, 0, 0, 0, 0], [0, 0, 0, 0, 0, 0, 0, 0, 0, 0, 0, 0, 0, 0, 0, 0, 0, 0, 0, 0, 0, 0, 0, 0, 0, 0, 0, 0, 0, 0, 0, 0, 0, 0, 0, 0, 0, 0, 0, 0, 0, 0, 0, 0, 0, 11, 73, 156, 324, 33], [0, 0, 0, 0, 0, 0, 0, 0, 0, 0, 0, 0, 0, 0, 0, 0, 0, 0, 0, 0, 0, 0, 0, 0, 0, 0, 0, 0, 0, 0, 0, 0, 0, 0, 0, 0, 0, 0, 0, 0, 0, 0, 2, 11, 198, 989, 4223, 12629, 13475, 3437], [0, 0, 0, 0, 0, 0, 0, 0, 0, 0, 0, 0, 0, 0, 0, 0, 0, 0, 0, 0, 0, 0, 0, 0, 0, 0, 0, 0, 0, 0, 0, 0, 0, 0, 0, 0, 0, 0, 0, 0, 0, 8, 137, 819, 2524, 6684, 8850, 3400, 707, 811], [0, 0, 0, 0, 0, 0, 0, 0, 0, 0, 0, 0, 0, 0, 0, 0, 0, 0, 0, 0, 0, 0, 0, 0, 0, 0, 0, 0, 0, 0, 0, 0, 0, 0, 0, 0, 0, 0, 0, 7, 107, 618, 1992, 4739, 7360, 7225, 7728, 12957, 12905, 3843], [0, 0, 0, 0, 0, 0, 0, 0, 0, 0, 0, 0, 0, 0, 0, 0, 0, 0, 0, 0, 0, 0, 0, 0, 0, 0, 0, 0, 0, 0, 0, 0, 0, 0, 0, 0, 0, 3, 78, 486, 1767, 3960, 6503, 7617, 8786, 10071, 10213, 4234, 477, 435], [0, 0, 0, 0, 0, 0, 0, 0, 0, 0, 0, 0, 0, 0, 0, 0, 0, 0, 0, 0, 0, 0, 0, 0, 0, 0, 0, 0, 0, 0, 0, 0, 0, 0, 0, 0, 59, 384, 1457, 3602, 5990, 7571, 8946, 10676, 11186, 11860, 11874, 15997, 12607, 3574], [0, 0, 0, 0, 0, 0, 0, 0, 0, 0, 0, 0, 0, 0, 0, 0, 0, 0, 0, 0, 0, 0, 0, 0, 0, 0, 0, 0, 0, 0, 0, 0, 0, 0, 26, 271, 1228, 3167, 5634, 7618, 9206, 10413, 11738, 12658, 13690, 13710, 13675, 8445, 47, 312], [0, 0, 0, 0, 0, 0, 0, 0, 0, 0, 0, 0, 0, 0, 0, 0, 0, 0, 0, 0, 0, 0, 0, 0, 0, 0, 0, 0, 0, 0, 0, 0, 15, 139, 955, 2817, 5245, 7338, 8934, 10524, 11516, 12755, 13493, 14061, 14397, 15021, 15189, 9676, 69, 228], [0, 0, 0, 0, 0, 0, 0, 0, 0, 0, 0, 0, 0, 0, 0, 0, 0, 0, 0, 0, 0, 0, 0, 0, 0, 0, 0, 0, 0, 0, 0, 30, 482, 2259, 4711, 7166, 8937, 10503, 11584, 12461, 13525, 14168, 15116, 16029, 16941, 17822, 17823, 10705, 151, 8], [0, 0, 0, 0, 0, 0, 0, 0, 0, 0, 0, 0, 0, 0, 0, 0, 0, 0, 0, 0, 0, 0, 0, 0, 0, 0, 0, 0, 0, 0, 230, 1710, 4342, 7295, 9394, 10844, 11940, 12844, 13426, 14096, 14930, 16743, 18211, 19026, 20155, 20937, 19822, 11947, 185, 9], [0, 0, 0, 0, 0, 0, 0, 0, 0, 0, 0, 0, 0, 0, 0, 0, 0, 0, 0, 0, 0, 0, 0, 0, 0, 0, 0, 0, 0, 0, 6921, 12650, 10877, 11894, 12960, 14068, 14219, 14456, 14797, 16149, 18562, 20337, 21529, 22289, 22752, 22482, 21701, 12727, 176, 10], [0, 0, 0, 0, 0, 0, 0, 0, 0, 0, 0, 0, 0, 0, 0, 0, 0, 0, 0, 0, 0, 0, 0, 7, 93, 318, 928, 2147, 3585, 7018, 19548, 22280, 17206, 16409, 16030, 15770, 15513, 15866, 16492, 19185, 22436, 24617, 25533, 25274, 24939, 24410, 22897, 13283, 305, 11], [0, 0, 0, 0, 0, 0, 0, 0, 0, 0, 0, 0, 0, 0, 0, 0, 0, 15177, 0, 0, 0, 0, 1131, 6122, 7426, 9789, 13141, 16741, 21762, 26546, 29187, 25327, 20975, 18509, 17522, 16882, 16827, 16778, 19281, 23816, 26350, 27514, 27359, 26673, 25609, 24689, 22485, 12809, 199, 13], [0, 0, 0, 0, 0, 0, 0, 0, 0, 0, 0, 0, 0, 0, 0, 0, 0, 41, 0, 0, 1, 2220, 13189, 7732, 10850, 14895, 17692, 20441, 23748, 26392, 27170, 25002, 21031, 18514, 17417, 16713, 16293, 16740, 22668, 27450, 29321, 29576, 28517, 27034, 24833, 22560, 20257, 11604, 187, 14], [0, 0, 0, 0, 0, 2, 0, 0, 0, 0, 0, 0, 0, 0, 0, 0, 0, 26, 0, 26, 3489, 17308, 8002, 11930, 17035, 19568, 20855, 22242, 24124, 26477, 26055, 22773, 18888, 16734, 16207, 15320, 14295, 17307, 26251, 32191, 33640, 32786, 28328, 24897, 22135, 19104, 15985, 9207, 40, 48], [0, 0, 0, 5, 10, 9, 6, 1, 0, 0, 0, 0, 0, 0, 0, 91, 19, 41, 942, 7459, 22156, 10009, 12945, 18842, 22699, 22991, 21362, 20815, 21994, 23773, 23388, 19127, 15366, 14192, 13771, 12766, 11304, 17541, 27969, 37383, 38932, 36136, 30718, 25956, 18263, 12627, 8655, 4163, 15, 11077], [0, 0, 6, 15, 16, 13, 38, 36, 75, 217, 573, 1207, 2057, 2703, 3363, 2955, 6532, 10679, 19380, 29043, 13914, 14148, 19172, 23597, 28646, 28119, 21700, 17866, 16145, 15881, 15455, 12172, 10759, 10891, 10313, 8810, 8434, 17302, 29556, 39378, 40657, 37283, 19481, 21111, 19143, 13413, 3431, 755, 122, 62], [0, 0, 9, 11, 3, 0, 282, 5903, 7786, 10189, 12631, 14502, 16124, 18386, 23135, 25507, 24241, 25128, 27403, 21945, 18475, 19380, 20921, 25762, 28621, 10720, 4868, 3261, 2613, 4248, 2943, 3735, 6289, 7064, 6489, 5325, 6907, 13794, 26826, 34001, 35532, 32302, 19538, 890, 753, 697, 445, 56, 9, 33], [0, 0, 11, 10, 1, 0, 339, 8552, 10528, 11152, 11885, 14928, 18330, 20761, 21338, 21610, 22426, 22364, 21348, 20530, 18862, 18558, 21780, 20637, 1033, 0, 0, 5, 39, 334, 9, 140, 3411, 5312, 4183, 5842, 7290, 11186, 21675, 28963, 30553, 29787, 6462, 329, 102, 12, 0, 9, 2, 0], [0, 0, 18, 27, 0, 84, 1689, 10134, 10799, 12398, 16227, 18684, 19699, 19840, 19802, 19381, 18690, 18292, 17592, 16733, 15917, 17629, 14119, 199, 0, 0, 0, 13, 53, 55, 0, 92, 3376, 4106, 6195, 7346, 8139, 8723, 16501, 23878, 25788, 28019, 5891, 186, 30, 1, 0, 0, 0, 0], [0, 0, 16, 21, 66, 1699, 7293, 12094, 13797, 15905, 19137, 19963, 18222, 16570, 15835, 15337, 14569, 13618, 12459, 11062, 10335, 6454, 22, 0, 0, 0, 0, 2, 44, 53, 28, 741, 3332, 7307, 7959, 8559, 7461, 6214, 9746, 18666, 20467, 25525, 6457, 202, 11, 0, 0, 0, 0, 0], [0, 0, 23, 24, 496, 15809, 13422, 11923, 13377, 16678, 24198, 23504, 18116, 14613, 11440, 8474, 6387, 4708, 3389, 2313, 943, 0, 0, 0, 0, 0, 0, 0, 6, 22, 440, 2672, 9239, 8444, 8544, 7169, 5571, 3965, 3323, 10228, 16183, 23415, 5773, 177, 0, 0, 0, 0, 0, 0], [0, 0, 15, 30, 1158, 21950, 14708, 14422, 14050, 17882, 20976, 2756, 421, 274, 629, 421, 270, 175, 68, 21, 0, 0, 0, 0, 0, 0, 0, 0, 1, 17, 2504, 18708, 7160, 8252, 7573, 5305, 2641, 986, 469, 3551, 12260, 20742, 4660, 124, 5, 0, 0, 0, 0, 0], [0, 0, 0, 54, 1202, 23155, 13941, 13811, 13295, 18321, 21551, 182, 72, 25, 35, 34, 0, 0, 0, 0, 0, 0, 0, 0, 0, 0, 0, 0, 4, 10, 2041, 8730, 10342, 8068, 3618, 1336, 465, 74, 4, 1063, 6312, 18328, 3702, 99, 44, 0, 0, 0, 0, 0], [0, 0, 0, 0, 561, 23870, 16438, 10798, 6831, 5015, 12062, 9, 3, 1, 6, 21, 0, 0, 0, 0, 0, 0, 0, 0, 0, 0, 0, 0, 0, 7, 2406, 19277, 5840, 1675, 719, 170, 13, 0, 22, 444, 1342, 8490, 2964, 53, 38, 5, 0, 0, 0, 0], [0, 0, 0, 0, 24, 5782, 472, 31, 0, 0, 0, 0, 0, 0, 0, 0, 0, 0, 0, 0, 0, 0, 0, 0, 0, 0, 0, 0, 0, 0, 1723, 6511, 826, 323, 51, 0, 0, 0, 27, 415, 295, 124, 1300, 49, 45, 6, 0, 0, 0, 0], [0, 0, 0, 0, 0, 0, 0, 0, 0, 0, 0, 0, 0, 0, 0, 0, 0, 0, 0, 0, 0, 0, 0, 0, 0, 0, 0, 0, 0, 0, 29, 106, 39, 3, 0, 0, 0, 0, 0, 384, 494, 295, 104, 58, 63, 0, 0, 0, 0, 0], [0, 0, 0, 0, 0, 0, 0, 0, 0, 0, 0, 0, 0, 0, 0, 0, 0, 0, 0, 0, 0, 0, 0, 0, 0, 0, 0, 0, 0, 0, 0, 0, 0, 0, 0, 0, 0, 0, 0, 76, 332, 364, 160, 47, 18, 0, 0, 0, 0, 0], [0, 0, 0, 0, 0, 0, 0, 0, 0, 0, 0, 0, 0, 0, 0, 0, 0, 0, 0, 0, 0, 0, 0, 0, 0, 0, 0, 0, 0, 0, 0, 0, 0, 0, 0, 0, 0, 0, 0, 0, 1, 43, 21, 0, 0, 0, 0, 0, 0, 0], [0, 0, 0, 0, 0, 0, 0, 0, 0, 0, 0, 0, 0, 0, 0, 0, 0, 0, 0, 0, 0, 0, 0, 0, 0, 0, 0, 0, 0, 0, 0, 0, 0, 0, 0, 0, 0, 0, 0, 0, 0, 0, 0, 0, 0, 0, 0, 0, 0, 0], [0, 0, 0, 0, 0, 0, 0, 0, 0, 0, 0, 0, 0, 0, 0, 0, 0, 0, 0, 0, 0, 0, 0, 0, 0, 0, 0, 0, 0, 0, 0, 0, 0, 0, 0, 0, 0, 0, 0, 0, 0, 0, 0, 0, 0, 0, 0, 0, 0, 0]]
最大通過人数: 40657
最大通過地点: [np.int64(40), np.int64(35)]
フレーム数:30300
スキップf:300
総脱出数: 48903人
脱出数/f: 1.63
平均速度: 2.293
淵野辺民: 10186
淵野辺ワーカー: 38717
上位20: [40657, 39378, 38932, 37383, 37283, 36136, 35532, 34001, 33640, 32786, 32302, 32191, 30718, 30553, 29787, 29576, 29556, 29321, 29187, 29043]
第一四分位数: 339.0
第二四分位数: 8544.0
第三四分位数: 17308.0
標準偏差: 9498.31
-------------------------------
終了時刻: 2024/12/09 01:30(AM)
朝@a02
全部: [[0, 0, 0, 0, 0, 0, 0, 0, 0, 0, 0, 0, 0, 0, 0, 0, 0, 0, 0, 0, 0, 0, 0, 0, 0, 0, 0, 0, 0, 0, 0, 0, 0, 0, 0, 0, 0, 0, 0, 0, 0, 0, 0, 0, 0, 0, 0, 0, 0, 0], [0, 0, 0, 0, 0, 0, 0, 0, 0, 0, 0, 0, 0, 0, 0, 0, 0, 0, 0, 0, 0, 0, 0, 0, 0, 0, 0, 0, 0, 0, 0, 0, 0, 0, 0, 0, 0, 0, 0, 0, 0, 0, 0, 0, 0, 0, 0, 0, 0, 0], [0, 0, 0, 0, 0, 0, 0, 0, 0, 0, 0, 0, 0, 0, 0, 0, 0, 0, 0, 0, 0, 0, 0, 0, 0, 0, 0, 0, 0, 0, 0, 0, 0, 0, 0, 0, 0, 0, 0, 0, 0, 0, 0, 0, 0, 0, 0, 0, 0, 0], [0, 0, 0, 0, 0, 0, 0, 0, 0, 0, 0, 0, 0, 0, 0, 0, 0, 0, 0, 0, 0, 0, 0, 0, 0, 0, 0, 0, 0, 0, 0, 0, 0, 0, 0, 0, 0, 0, 0, 0, 0, 0, 0, 0, 0, 0, 0, 0, 0, 0], [0, 0, 0, 0, 0, 0, 0, 0, 0, 0, 0, 0, 0, 0, 0, 0, 0, 0, 0, 0, 0, 0, 0, 0, 0, 0, 0, 0, 0, 0, 0, 0, 0, 0, 0, 0, 0, 0, 0, 0, 0, 0, 0, 0, 0, 0, 0, 0, 0, 0], [0, 0, 0, 0, 0, 0, 0, 0, 0, 0, 0, 0, 0, 0, 0, 0, 0, 0, 0, 0, 0, 0, 0, 0, 0, 0, 0, 0, 0, 0, 0, 0, 0, 0, 0, 0, 0, 0, 0, 0, 0, 0, 0, 0, 0, 0, 0, 0, 0, 0], [0, 0, 0, 0, 0, 0, 0, 0, 0, 0, 0, 0, 0, 0, 0, 0, 0, 0, 0, 0, 0, 0, 0, 0, 0, 0, 0, 0, 0, 0, 0, 0, 0, 0, 0, 0, 0, 0, 0, 0, 0, 0, 0, 0, 0, 0, 0, 0, 0, 0], [0, 0, 0, 0, 0, 0, 0, 0, 0, 0, 0, 0, 0, 0, 0, 0, 0, 0, 0, 0, 0, 0, 0, 0, 0, 0, 0, 0, 0, 0, 0, 0, 0, 0, 0, 0, 0, 0, 0, 0, 0, 0, 0, 0, 0, 0, 0, 0, 0, 0], [0, 0, 0, 0, 0, 0, 0, 0, 0, 0, 0, 0, 0, 0, 0, 0, 0, 0, 0, 0, 0, 0, 0, 0, 0, 0, 0, 0, 0, 0, 0, 0, 0, 0, 0, 0, 0, 0, 0, 0, 0, 0, 0, 0, 0, 0, 0, 0, 0, 0], [0, 0, 0, 0, 0, 0, 0, 0, 0, 0, 0, 0, 0, 0, 0, 0, 0, 0, 0, 0, 0, 0, 0, 0, 0, 0, 0, 0, 0, 0, 0, 0, 0, 0, 0, 0, 0, 0, 0, 0, 0, 0, 0, 0, 0, 0, 0, 0, 0, 0], [0, 0, 0, 0, 0, 0, 0, 0, 0, 0, 0, 0, 0, 0, 0, 0, 0, 0, 0, 0, 0, 0, 0, 0, 0, 0, 0, 0, 0, 0, 0, 0, 0, 0, 0, 0, 0, 0, 0, 0, 0, 0, 0, 0, 0, 0, 0, 0, 0, 0], [0, 0, 0, 0, 0, 0, 0, 0, 0, 0, 0, 0, 0, 0, 0, 0, 0, 0, 0, 0, 0, 0, 0, 0, 0, 0, 0, 0, 0, 0, 0, 0, 0, 0, 0, 0, 0, 0, 0, 0, 0, 0, 0, 0, 0, 0, 0, 0, 0, 0], [0, 0, 0, 0, 0, 0, 0, 0, 0, 0, 0, 0, 0, 0, 0, 0, 0, 0, 0, 0, 0, 0, 0, 0, 0, 0, 0, 0, 0, 0, 0, 0, 0, 0, 0, 0, 0, 0, 0, 0, 0, 0, 0, 0, 0, 0, 0, 0, 0, 0], [0, 0, 0, 0, 0, 0, 0, 0, 0, 0, 0, 0, 0, 0, 0, 0, 0, 0, 0, 0, 0, 0, 0, 0, 0, 0, 0, 0, 0, 0, 0, 0, 0, 0, 0, 0, 0, 0, 0, 0, 0, 0, 0, 0, 0, 0, 0, 0, 0, 0], [0, 0, 0, 0, 0, 0, 0, 0, 0, 0, 0, 0, 0, 0, 0, 0, 0, 0, 0, 0, 0, 0, 0, 0, 0, 0, 0, 0, 0, 0, 0, 0, 0, 0, 0, 0, 0, 0, 0, 0, 0, 0, 0, 0, 0, 0, 0, 0, 0, 0], [0, 0, 0, 0, 0, 0, 0, 0, 0, 0, 0, 0, 0, 0, 0, 0, 0, 0, 0, 0, 0, 0, 0, 0, 0, 0, 0, 0, 0, 0, 0, 0, 0, 0, 0, 0, 0, 0, 0, 0, 0, 0, 0, 0, 0, 0, 0, 0, 0, 0], [0, 0, 0, 0, 0, 0, 0, 0, 0, 0, 0, 0, 0, 0, 0, 0, 0, 0, 0, 0, 0, 0, 0, 0, 0, 0, 0, 0, 0, 0, 0, 0, 0, 0, 0, 0, 0, 0, 0, 0, 0, 0, 0, 0, 0, 0, 0, 0, 0, 0], [0, 0, 0, 0, 0, 0, 0, 0, 0, 0, 0, 0, 0, 0, 0, 0, 0, 0, 0, 0, 0, 0, 0, 0, 0, 0, 0, 0, 0, 0, 0, 0, 0, 0, 0, 0, 0, 0, 0, 0, 0, 0, 0, 0, 0, 0, 0, 0, 0, 0], [0, 0, 0, 0, 0, 0, 0, 0, 0, 0, 0, 0, 0, 0, 0, 0, 0, 0, 0, 0, 0, 0, 0, 0, 0, 0, 0, 0, 0, 0, 0, 0, 0, 0, 0, 0, 0, 0, 0, 0, 0, 0, 0, 0, 0, 0, 0, 0, 0, 0], [0, 0, 0, 0, 0, 0, 0, 0, 0, 0, 0, 0, 0, 0, 0, 0, 0, 0, 0, 0, 0, 0, 0, 0, 0, 0, 0, 0, 0, 0, 0, 0, 0, 0, 0, 0, 0, 0, 0, 0, 0, 0, 0, 0, 1, 49, 300, 500, 847, 101], [0, 0, 0, 0, 0, 0, 0, 0, 0, 0, 0, 0, 0, 0, 0, 0, 0, 0, 0, 0, 0, 0, 0, 0, 0, 0, 0, 0, 0, 0, 0, 0, 0, 0, 0, 0, 0, 0, 0, 0, 0, 0, 8, 75, 678, 2266, 6427, 17391, 19484, 4943], [0, 0, 0, 0, 0, 0, 0, 0, 0, 0, 0, 0, 0, 0, 0, 0, 0, 0, 0, 0, 0, 0, 0, 0, 0, 0, 0, 0, 0, 0, 0, 0, 0, 0, 0, 0, 0, 0, 0, 0, 3, 54, 470, 1973, 4458, 9020, 12054, 5162, 1192, 227], [0, 0, 0, 0, 0, 0, 0, 0, 0, 0, 0, 0, 0, 0, 0, 0, 0, 0, 0, 0, 0, 0, 0, 0, 0, 0, 0, 0, 0, 0, 0, 0, 0, 0, 0, 0, 0, 0, 0, 23, 304, 1416, 3558, 6732, 9416, 9980, 10547, 18092, 19091, 5017], [0, 0, 0, 0, 0, 0, 0, 0, 0, 0, 0, 0, 0, 0, 0, 0, 0, 0, 0, 0, 0, 0, 0, 0, 0, 0, 0, 0, 0, 0, 0, 0, 0, 0, 0, 0, 5, 22, 169, 933, 2748, 5310, 7944, 9058, 10457, 11643, 11992, 5066, 123, 85], [0, 0, 0, 0, 0, 0, 0, 0, 0, 0, 0, 0, 0, 0, 0, 0, 0, 0, 0, 0, 0, 0, 0, 0, 0, 0, 0, 0, 0, 0, 0, 0, 0, 0, 2, 11, 105, 636, 2154, 4441, 6994, 8595, 9939, 11308, 11416, 10532, 7393, 3965, 5, 74], [0, 0, 0, 0, 0, 0, 0, 0, 0, 0, 0, 0, 0, 0, 0, 0, 0, 0, 0, 0, 0, 0, 0, 0, 0, 0, 0, 0, 0, 0, 0, 0, 0, 2, 47, 434, 1663, 3798, 6289, 8192, 9415, 10665, 11647, 11579, 11283, 9761, 9723, 6805, 9, 72], [0, 0, 0, 0, 0, 0, 0, 0, 0, 0, 0, 0, 0, 0, 0, 0, 0, 0, 0, 0, 0, 0, 0, 0, 0, 0, 0, 0, 0, 0, 0, 0, 9, 201, 1131, 3252, 5746, 7870, 9172, 10392, 11365, 11986, 12258, 12426, 12148, 12609, 13244, 8350, 12, 52], [0, 0, 0, 0, 0, 0, 0, 0, 0, 0, 0, 0, 0, 0, 0, 0, 0, 0, 0, 0, 0, 0, 0, 0, 0, 0, 0, 0, 0, 0, 0, 38, 591, 2437, 5232, 7462, 9045, 10134, 11280, 12076, 12341, 13192, 13988, 14614, 15452, 16398, 16671, 9814, 41, 33], [0, 0, 0, 0, 0, 0, 0, 0, 0, 0, 0, 0, 0, 0, 0, 0, 0, 0, 0, 0, 0, 0, 0, 0, 0, 0, 0, 0, 0, 0, 476, 1758, 4425, 7464, 9227, 10655, 11660, 12257, 12881, 13279, 14366, 15967, 17366, 18488, 19142, 19797, 19048, 11327, 97, 42], [0, 0, 0, 0, 0, 0, 0, 0, 0, 0, 0, 0, 0, 0, 0, 0, 0, 0, 0, 0, 0, 0, 0, 0, 0, 0, 4, 11, 11, 14, 6552, 12587, 10823, 11782, 13032, 13358, 13616, 14153, 14076, 15445, 17583, 19889, 21619, 22191, 22430, 22546, 21544, 12380, 83, 66], [0, 0, 0, 0, 0, 0, 0, 0, 0, 0, 0, 0, 0, 0, 0, 0, 0, 0, 0, 0, 0, 0, 0, 6, 64, 227, 811, 1919, 3582, 6944, 19566, 21639, 17174, 16184, 15620, 15235, 15658, 15129, 16060, 19152, 22215, 24366, 24919, 25197, 24774, 24139, 22637, 12866, 73, 11438], [0, 0, 0, 0, 0, 0, 0, 0, 0, 0, 0, 0, 0, 0, 0, 0, 0, 0, 0, 0, 0, 2, 1164, 6110, 7109, 9441, 12784, 16647, 22117, 26641, 29135, 25444, 21140, 18208, 17138, 16893, 16202, 16139, 18705, 23598, 26080, 27373, 27315, 26648, 25858, 24338, 22110, 12405, 67, 13], [0, 0, 0, 0, 0, 0, 0, 0, 0, 0, 0, 0, 0, 0, 0, 0, 0, 0, 0, 0, 14, 2230, 12431, 7340, 10449, 14923, 17644, 20074, 23171, 26159, 27162, 24752, 21033, 18253, 16946, 16223, 15987, 16293, 22902, 27664, 29861, 29610, 28262, 27066, 24952, 22519, 20327, 11323, 85, 20], [0, 0, 0, 0, 0, 7, 0, 0, 0, 0, 0, 0, 0, 0, 0, 0, 0, 0, 0, 21, 3618, 16797, 8541, 12436, 17324, 19829, 20995, 21468, 23966, 25925, 25956, 22926, 18314, 16528, 16040, 15507, 14244, 17116, 26419, 32538, 33791, 33044, 28349, 24831, 22085, 19651, 16944, 9514, 52, 12866], [0, 0, 0, 7, 15, 17, 11, 0, 0, 0, 0, 0, 0, 0, 0, 256, 26, 35, 1076, 7460, 21741, 10138, 12923, 19012, 22653, 23278, 21746, 21460, 21526, 23596, 23316, 18923, 14767, 13990, 13225, 12503, 11610, 17721, 28140, 37548, 39087, 36275, 31058, 26320, 18917, 13535, 9360, 3747, 31, 17164], [0, 0, 1, 18, 28, 19, 62, 65, 96, 255, 525, 1183, 2048, 2881, 3673, 2952, 6251, 10415, 19103, 28833, 13354, 14085, 19265, 23541, 28854, 27976, 21829, 18085, 16421, 15836, 14938, 11814, 10982, 10585, 9958, 8782, 8134, 17478, 30236, 39418, 40904, 37565, 19619, 23554, 20195, 17947, 7909, 1625, 192, 12811], [0, 0, 8, 20, 3, 0, 285, 6104, 8001, 10332, 12802, 14149, 15840, 18180, 22916, 25311, 24050, 24903, 26988, 21658, 18259, 18960, 20547, 25572, 28522, 10729, 4977, 3277, 2590, 3944, 2610, 3699, 6224, 6964, 6210, 5525, 7180, 14410, 27068, 34106, 35681, 32095, 19417, 958, 790, 749, 532, 69, 1, 0], [0, 0, 11, 19, 2, 1, 362, 8379, 10201, 10763, 11781, 15081, 18540, 20864, 21447, 21472, 22055, 21784, 21442, 20563, 18867, 18742, 21714, 20561, 1079, 0, 0, 6, 33, 253, 20, 118, 3393, 5273, 4135, 5867, 7428, 11364, 22137, 28909, 30787, 29812, 6785, 214, 82, 4, 0, 0, 0, 0], [0, 0, 7, 19, 1, 88, 1556, 9904, 10720, 12296, 15656, 18786, 19673, 20055, 19952, 19460, 18831, 18090, 17415, 16669, 15951, 17526, 13974, 223, 0, 0, 0, 5, 39, 40, 0, 63, 3362, 4022, 6218, 7488, 8088, 9080, 16742, 24217, 25852, 27894, 6173, 141, 30, 0, 0, 0, 0, 0], [0, 0, 0, 28, 74, 1653, 6986, 11998, 13730, 15811, 19116, 19779, 18036, 16568, 15660, 15245, 14679, 13874, 12643, 10860, 10119, 6323, 19, 0, 0, 0, 0, 6, 50, 21, 22, 817, 3350, 7440, 8085, 8384, 7626, 6489, 9876, 18929, 20532, 25408, 6572, 164, 1, 0, 0, 0, 0, 0], [0, 0, 16, 50, 612, 15583, 13582, 11927, 13287, 16502, 24277, 23197, 18195, 14658, 11335, 8440, 6375, 4755, 3412, 2349, 952, 0, 0, 0, 0, 0, 0, 0, 26, 20, 502, 2656, 9510, 8401, 8432, 7576, 5565, 4026, 3486, 10313, 16238, 23672, 5771, 156, 0, 0, 0, 0, 0, 0], [0, 0, 30, 52, 1225, 21762, 14678, 14334, 14003, 17758, 21039, 2855, 563, 317, 535, 278, 242, 177, 76, 13, 0, 0, 0, 0, 0, 0, 0, 0, 9, 26, 2501, 18666, 7154, 8551, 7850, 5205, 2781, 981, 535, 3758, 12448, 20834, 4811, 133, 9, 0, 0, 0, 0, 0], [0, 0, 0, 30, 1248, 22708, 13711, 13883, 13335, 18265, 20932, 239, 87, 24, 6, 15, 0, 0, 0, 0, 0, 0, 0, 0, 0, 0, 0, 0, 4, 31, 2251, 9111, 10530, 8006, 3714, 1388, 441, 87, 45, 995, 6330, 18131, 3717, 142, 48, 1, 0, 0, 0, 0], [0, 0, 0, 0, 608, 23976, 16385, 10689, 6553, 5157, 11662, 8, 4, 1, 0, 0, 0, 0, 0, 0, 0, 0, 0, 0, 0, 0, 0, 0, 0, 5, 2532, 19270, 5798, 1828, 678, 174, 23, 0, 19, 400, 1327, 9212, 2947, 81, 80, 13, 0, 0, 0, 0], [0, 0, 0, 0, 35, 5622, 446, 34, 0, 0, 0, 0, 0, 0, 0, 0, 0, 0, 0, 0, 0, 0, 0, 0, 0, 0, 0, 0, 0, 3, 1529, 6713, 874, 319, 60, 4, 0, 0, 26, 322, 343, 148, 1414, 61, 111, 13, 0, 0, 0, 0], [0, 0, 0, 0, 0, 0, 0, 0, 0, 0, 0, 0, 0, 0, 0, 0, 0, 0, 0, 0, 0, 0, 0, 0, 0, 0, 0, 0, 0, 0, 25, 70, 34, 0, 0, 0, 0, 0, 0, 290, 444, 254, 83, 117, 117, 0, 0, 0, 0, 0], [0, 0, 0, 0, 0, 0, 0, 0, 0, 0, 0, 0, 0, 0, 0, 0, 0, 0, 0, 0, 0, 0, 0, 0, 0, 0, 0, 0, 0, 0, 0, 0, 0, 0, 0, 0, 0, 0, 0, 84, 350, 406, 145, 85, 11, 0, 0, 0, 0, 0], [0, 0, 0, 0, 0, 0, 0, 0, 0, 0, 0, 0, 0, 0, 0, 0, 0, 0, 0, 0, 0, 0, 0, 0, 0, 0, 0, 0, 0, 0, 0, 0, 0, 0, 0, 0, 0, 0, 0, 0, 1, 46, 29, 1, 0, 0, 0, 0, 0, 0], [0, 0, 0, 0, 0, 0, 0, 0, 0, 0, 0, 0, 0, 0, 0, 0, 0, 0, 0, 0, 0, 0, 0, 0, 0, 0, 0, 0, 0, 0, 0, 0, 0, 0, 0, 0, 0, 0, 0, 0, 0, 0, 0, 0, 0, 0, 0, 0, 0, 0], [0, 0, 0, 0, 0, 0, 0, 0, 0, 0, 0, 0, 0, 0, 0, 0, 0, 0, 0, 0, 0, 0, 0, 0, 0, 0, 0, 0, 0, 0, 0, 0, 0, 0, 0, 0, 0, 0, 0, 0, 0, 0, 0, 0, 0, 0, 0, 0, 0, 0]]
最大通過人数: 40904
最大通過地点: [np.int64(40), np.int64(35)]
フレーム数:30300
スキップf:300
総脱出数: 48881人
脱出数/f: 1.629
平均速度: 2.3
淵野辺民: 10056
淵野辺ワーカー: 38825
上位20: [40904, 39418, 39087, 37565, 37548, 36275, 35681, 34106, 33791, 33044, 32538, 32095, 31058, 30787, 30236, 29861, 29812, 29610, 29135, 28909]
第一四分位数: 319.75
第二四分位数: 8573.0
第三四分位数: 17355.5
標準偏差: 9455.16
-------------------------------
終了時刻: 2024/12/09 01:31(AM)
朝ラ@a06
全部: [[0, 0, 0, 0, 0, 0, 0, 0, 0, 0, 0, 0, 0, 0, 0, 0, 0, 0, 0, 0, 0, 0, 0, 0, 0, 0, 0, 0, 0, 0, 0, 0, 0, 0, 0, 0, 0, 0, 0, 0, 0, 0, 0, 0, 0, 0, 0, 0, 0, 0], [0, 0, 0, 0, 0, 0, 0, 0, 0, 0, 0, 0, 0, 0, 0, 0, 0, 0, 0, 0, 0, 0, 0, 0, 0, 0, 0, 0, 0, 0, 0, 0, 0, 0, 0, 0, 0, 0, 0, 0, 0, 0, 0, 0, 0, 0, 0, 0, 0, 0], [0, 0, 0, 0, 0, 0, 0, 0, 0, 0, 0, 0, 0, 0, 0, 0, 0, 0, 0, 0, 0, 0, 0, 0, 0, 0, 0, 0, 0, 0, 0, 0, 0, 0, 0, 0, 0, 0, 0, 0, 0, 0, 0, 0, 0, 0, 0, 0, 0, 0], [0, 0, 0, 0, 0, 0, 0, 0, 0, 0, 0, 0, 0, 0, 0, 0, 0, 0, 0, 0, 0, 0, 0, 0, 0, 0, 0, 0, 0, 0, 0, 0, 0, 0, 0, 0, 0, 0, 0, 0, 0, 0, 0, 0, 0, 0, 0, 0, 0, 0], [0, 0, 0, 0, 0, 0, 0, 0, 0, 0, 0, 0, 0, 0, 0, 0, 0, 0, 0, 0, 0, 0, 0, 0, 0, 0, 0, 0, 0, 0, 0, 0, 0, 0, 0, 0, 0, 0, 0, 0, 0, 0, 0, 0, 0, 0, 0, 0, 0, 0], [0, 0, 0, 0, 0, 0, 0, 0, 0, 0, 0, 0, 0, 0, 0, 0, 0, 0, 0, 0, 0, 0, 0, 0, 0, 0, 0, 0, 0, 0, 0, 0, 0, 0, 0, 0, 0, 0, 0, 0, 0, 0, 0, 0, 0, 0, 0, 0, 0, 0], [0, 0, 0, 0, 0, 0, 0, 0, 0, 0, 0, 0, 0, 0, 0, 0, 0, 0, 0, 0, 0, 0, 0, 0, 0, 0, 0, 0, 0, 0, 0, 0, 0, 0, 0, 0, 0, 0, 0, 0, 0, 0, 0, 0, 0, 0, 0, 0, 0, 0], [0, 0, 0, 0, 0, 0, 0, 0, 0, 0, 0, 0, 0, 0, 0, 0, 0, 0, 0, 0, 0, 0, 0, 0, 0, 0, 0, 0, 0, 0, 0, 0, 0, 0, 0, 0, 0, 0, 0, 0, 0, 0, 0, 0, 0, 0, 0, 0, 0, 0], [0, 0, 0, 0, 0, 0, 0, 0, 0, 0, 0, 0, 0, 0, 0, 0, 0, 0, 0, 0, 0, 0, 0, 0, 0, 0, 0, 0, 0, 0, 0, 0, 0, 0, 0, 0, 0, 0, 0, 0, 0, 0, 0, 0, 0, 0, 0, 0, 0, 0], [0, 0, 0, 0, 0, 0, 0, 0, 0, 0, 0, 0, 0, 0, 0, 0, 0, 0, 0, 0, 0, 0, 0, 0, 0, 0, 0, 0, 0, 0, 0, 0, 0, 0, 0, 0, 0, 0, 0, 0, 0, 0, 0, 0, 0, 0, 0, 0, 0, 0], [0, 0, 0, 0, 0, 0, 0, 0, 0, 0, 0, 0, 0, 0, 0, 0, 0, 0, 0, 0, 0, 0, 0, 0, 0, 0, 0, 0, 0, 0, 0, 0, 0, 0, 0, 0, 0, 0, 0, 0, 0, 0, 0, 0, 0, 0, 0, 0, 0, 0], [0, 0, 0, 0, 0, 0, 0, 0, 0, 0, 0, 0, 0, 0, 0, 0, 0, 0, 0, 0, 0, 0, 0, 0, 0, 0, 0, 0, 0, 0, 0, 0, 0, 0, 0, 0, 0, 0, 0, 0, 0, 0, 0, 0, 0, 0, 0, 0, 0, 0], [0, 0, 0, 0, 0, 0, 0, 0, 0, 0, 0, 0, 0, 0, 0, 0, 0, 0, 0, 0, 0, 0, 0, 0, 0, 0, 0, 0, 0, 0, 0, 0, 0, 0, 0, 0, 0, 0, 0, 0, 0, 0, 0, 0, 0, 0, 0, 0, 0, 0], [0, 0, 0, 0, 0, 0, 0, 0, 0, 0, 0, 0, 0, 0, 0, 0, 0, 0, 0, 0, 0, 0, 0, 0, 0, 0, 0, 0, 0, 0, 0, 0, 0, 0, 0, 0, 0, 0, 0, 0, 0, 0, 0, 0, 0, 0, 0, 0, 0, 0], [0, 0, 0, 0, 0, 0, 0, 0, 0, 0, 0, 0, 0, 0, 0, 0, 0, 0, 0, 0, 0, 0, 0, 0, 0, 0, 0, 0, 0, 0, 0, 0, 0, 0, 0, 0, 0, 0, 0, 0, 0, 0, 0, 0, 0, 0, 0, 0, 0, 0], [0, 0, 0, 0, 0, 0, 0, 0, 0, 0, 0, 0, 0, 0, 0, 0, 0, 0, 0, 0, 0, 0, 0, 0, 0, 0, 0, 0, 0, 0, 0, 0, 0, 0, 0, 0, 0, 0, 0, 0, 0, 0, 0, 0, 0, 0, 0, 0, 0, 0], [0, 0, 0, 0, 0, 0, 0, 0, 0, 0, 0, 0, 0, 0, 0, 0, 0, 0, 0, 0, 0, 0, 0, 0, 0, 0, 0, 0, 0, 0, 0, 0, 0, 0, 0, 0, 0, 0, 0, 0, 0, 0, 0, 0, 0, 0, 0, 0, 0, 0], [0, 0, 0, 0, 0, 0, 0, 0, 0, 0, 0, 0, 0, 0, 0, 0, 0, 0, 0, 0, 0, 0, 0, 0, 0, 0, 0, 0, 0, 0, 0, 0, 0, 0, 0, 0, 0, 0, 0, 0, 0, 0, 0, 0, 0, 0, 0, 0, 0, 0], [0, 0, 0, 0, 0, 0, 0, 0, 0, 0, 0, 0, 0, 0, 0, 0, 0, 0, 0, 0, 0, 0, 0, 0, 0, 0, 0, 0, 0, 0, 0, 0, 0, 0, 0, 0, 0, 0, 0, 0, 0, 0, 0, 0, 0, 0, 0, 1, 130, 108], [0, 0, 0, 0, 0, 0, 0, 0, 0, 0, 0, 0, 0, 0, 0, 0, 0, 0, 0, 0, 0, 0, 0, 0, 0, 0, 0, 0, 0, 0, 0, 0, 0, 0, 0, 0, 0, 0, 0, 0, 0, 0, 0, 0, 1, 30, 179, 834, 1527, 1399], [0, 0, 0, 0, 0, 0, 0, 0, 0, 0, 0, 0, 0, 0, 0, 0, 0, 0, 0, 0, 0, 0, 0, 0, 0, 0, 0, 0, 0, 0, 0, 0, 0, 0, 0, 0, 0, 0, 0, 0, 0, 0, 9, 83, 430, 1532, 4696, 13004, 13693, 4486], [0, 0, 0, 0, 0, 0, 0, 0, 0, 0, 0, 0, 0, 0, 0, 0, 0, 0, 0, 0, 0, 0, 0, 0, 0, 0, 0, 0, 0, 0, 0, 0, 0, 0, 0, 0, 0, 0, 0, 0, 7, 90, 500, 1705, 4130, 7806, 9993, 5310, 543, 901], [0, 0, 0, 0, 0, 0, 0, 0, 0, 0, 0, 0, 0, 0, 0, 0, 0, 0, 0, 0, 0, 0, 0, 0, 0, 0, 0, 0, 0, 0, 0, 0, 0, 0, 0, 0, 0, 0, 5, 74, 498, 1648, 3880, 6830, 8951, 10046, 11402, 16249, 12813, 3965], [0, 0, 0, 0, 0, 0, 0, 0, 0, 0, 0, 0, 0, 0, 0, 0, 0, 0, 0, 0, 0, 0, 0, 0, 0, 0, 0, 0, 0, 0, 0, 0, 0, 0, 0, 0, 0, 35, 365, 1507, 3461, 6024, 8413, 9594, 11375, 13208, 14838, 8959, 631, 718], [0, 0, 0, 0, 0, 0, 0, 0, 0, 0, 0, 0, 0, 0, 0, 0, 0, 0, 0, 0, 0, 0, 0, 0, 0, 0, 0, 0, 0, 0, 0, 0, 0, 0, 0, 15, 223, 1060, 3001, 5331, 7461, 9397, 10750, 12078, 13827, 15563, 17394, 20122, 13192, 3719], [0, 0, 0, 0, 0, 0, 0, 0, 0, 0, 0, 0, 0, 0, 0, 0, 0, 0, 0, 0, 0, 0, 0, 0, 0, 0, 0, 0, 0, 0, 0, 0, 0, 0, 133, 786, 2418, 4717, 6808, 8559, 10409, 11819, 13099, 14289, 15973, 17743, 18666, 12735, 302, 0], [0, 0, 0, 0, 0, 0, 0, 0, 0, 0, 0, 0, 0, 0, 0, 0, 0, 0, 0, 0, 0, 0, 0, 0, 0, 0, 0, 0, 0, 0, 0, 0, 19, 435, 1806, 4105, 6332, 8295, 10233, 11533, 12739, 13753, 14748, 16336, 18229, 19048, 18583, 11952, 368, 0], [0, 0, 0, 0, 0, 0, 0, 0, 0, 0, 0, 0, 0, 0, 0, 0, 0, 0, 0, 0, 0, 0, 0, 0, 0, 0, 0, 0, 0, 0, 0, 56, 938, 3129, 5841, 8022, 9702, 11312, 12473, 13336, 14182, 15726, 17450, 18639, 19560, 20205, 19311, 11702, 398, 0], [0, 0, 0, 0, 0, 0, 0, 0, 0, 0, 0, 0, 0, 0, 0, 0, 0, 0, 0, 0, 0, 0, 0, 0, 0, 0, 0, 0, 0, 0, 436, 2324, 5041, 8067, 10135, 11608, 12605, 13365, 13972, 14905, 16532, 18389, 19813, 20993, 21575, 21730, 20552, 12528, 506, 0], [0, 0, 0, 0, 0, 0, 0, 0, 0, 0, 0, 0, 0, 0, 0, 0, 0, 0, 0, 0, 0, 0, 0, 0, 0, 0, 0, 6, 8, 8, 7040, 13420, 11421, 12410, 13534, 13707, 14359, 14774, 15087, 16932, 19734, 21639, 23121, 23083, 23345, 23023, 21406, 12928, 498, 0], [0, 0, 0, 0, 0, 0, 0, 0, 0, 0, 0, 0, 0, 0, 0, 0, 0, 0, 0, 0, 0, 0, 0, 9, 70, 380, 941, 1937, 3519, 7236, 19802, 22798, 18060, 16850, 16248, 15884, 15689, 15601, 17088, 20577, 23184, 24966, 25328, 25212, 24646, 23502, 21654, 12917, 490, 0], [0, 0, 0, 0, 0, 0, 0, 0, 0, 0, 0, 0, 0, 0, 0, 0, 0, 0, 0, 0, 0, 0, 1099, 5912, 6972, 9658, 12922, 16956, 21665, 26041, 28728, 24894, 20903, 18686, 17492, 16837, 16417, 16400, 19869, 24256, 26991, 27545, 26506, 25836, 24312, 23138, 20804, 12504, 335, 0], [0, 0, 0, 0, 0, 0, 0, 0, 0, 0, 0, 0, 0, 0, 0, 0, 0, 0, 0, 0, 3, 2157, 12515, 7363, 10593, 14719, 17884, 20312, 23360, 26356, 27211, 24626, 20934, 18594, 17086, 16168, 15920, 17141, 23087, 27450, 29225, 29280, 27230, 25061, 23059, 20338, 17958, 10632, 178, 0], [0, 0, 0, 0, 0, 0, 0, 0, 0, 0, 0, 0, 0, 0, 0, 0, 0, 0, 0, 25, 3427, 16761, 7983, 12372, 17293, 19770, 20928, 21811, 24042, 25748, 25497, 22395, 18603, 16207, 15407, 14943, 13967, 17718, 26572, 31754, 33365, 31071, 26930, 23050, 20030, 17126, 14408, 8106, 70, 41], [0, 0, 0, 13, 15, 9, 0, 0, 0, 0, 0, 0, 0, 0, 0, 112, 30, 33, 1080, 7116, 21814, 10132, 13039, 18790, 22707, 23300, 21917, 20864, 21592, 23564, 22869, 18497, 14858, 13581, 12909, 11794, 11119, 18290, 27864, 36469, 38099, 34402, 29130, 23617, 16831, 11311, 7731, 3656, 10, 66], [0, 0, 4, 26, 29, 22, 70, 51, 95, 216, 567, 1216, 2105, 2962, 3561, 3057, 6542, 10630, 18745, 28867, 13554, 14393, 19084, 23525, 28687, 27931, 21760, 17776, 16061, 15582, 14634, 11534, 10317, 10190, 9612, 8511, 9009, 17762, 29481, 38520, 39575, 36349, 18024, 16475, 14990, 8127, 2165, 395, 66, 58], [0, 0, 13, 10, 0, 0, 253, 6052, 7756, 10122, 12340, 14277, 15761, 18089, 22717, 25233, 23859, 24773, 26946, 21961, 18642, 18678, 20646, 25811, 28545, 10742, 4874, 3258, 2789, 4211, 2587, 3353, 5864, 6916, 6295, 5916, 7952, 14486, 26272, 33368, 34510, 31185, 15719, 527, 404, 286, 140, 6, 1, 22], [0, 0, 4, 17, 0, 0, 356, 8156, 10185, 10934, 12114, 15022, 18309, 20424, 20943, 21136, 22167, 22217, 21142, 20333, 18836, 18675, 21909, 20381, 1011, 0, 0, 2, 43, 268, 10, 116, 3623, 5407, 4901, 6750, 7712, 10911, 21539, 27854, 29175, 28658, 5518, 172, 41, 6, 0, 0, 0, 0], [0, 0, 9, 17, 0, 94, 1475, 9922, 10601, 12386, 15826, 18834, 20029, 19952, 20113, 19479, 18894, 18446, 17787, 16612, 15776, 17749, 13984, 176, 0, 0, 0, 16, 60, 27, 0, 145, 3521, 4807, 6934, 7640, 8036, 8080, 15650, 22851, 24748, 27618, 6041, 103, 8, 0, 0, 0, 0, 0], [0, 0, 9, 11, 69, 1532, 7031, 11958, 13793, 15681, 19011, 19713, 17965, 16493, 15531, 15085, 14486, 13588, 12535, 11055, 10207, 6218, 30, 0, 0, 0, 0, 3, 36, 36, 70, 958, 4118, 8164, 8039, 8376, 6803, 5474, 8645, 18012, 19786, 25624, 6742, 106, 0, 0, 0, 0, 0, 0], [0, 0, 6, 26, 480, 15543, 13686, 11865, 13231, 16665, 24142, 23553, 18015, 14355, 11214, 8436, 6328, 4647, 3291, 2297, 985, 1, 0, 0, 0, 0, 0, 1, 14, 11, 521, 3241, 10040, 8115, 8513, 6722, 4851, 3285, 3028, 9822, 16084, 23491, 5927, 94, 0, 0, 0, 0, 0, 0], [0, 0, 11, 64, 1091, 21882, 14375, 14143, 13928, 17539, 21042, 2893, 504, 293, 633, 393, 300, 191, 112, 38, 0, 0, 0, 0, 0, 0, 0, 0, 1, 23, 2751, 19235, 6898, 8767, 6971, 4496, 2325, 853, 384, 3718, 12455, 20852, 4790, 146, 12, 0, 0, 0, 0, 0], [0, 0, 0, 19, 1116, 22780, 13734, 13890, 13404, 17924, 21461, 178, 74, 25, 36, 37, 0, 0, 0, 0, 0, 0, 0, 0, 0, 0, 0, 0, 0, 31, 2009, 9325, 10635, 7212, 3197, 1232, 367, 54, 22, 1072, 6281, 18400, 3752, 112, 65, 2, 0, 0, 0, 0], [0, 0, 0, 0, 625, 23658, 16261, 10644, 6370, 4974, 11144, 13, 4, 0, 0, 0, 0, 0, 0, 0, 0, 0, 0, 0, 0, 0, 0, 0, 0, 10, 2403, 19149, 5225, 1603, 643, 132, 10, 1, 19, 514, 1422, 8735, 2921, 71, 75, 8, 0, 0, 0, 0], [0, 0, 0, 0, 48, 5717, 408, 15, 0, 0, 0, 0, 0, 0, 0, 0, 0, 0, 0, 0, 0, 0, 0, 0, 0, 0, 0, 0, 0, 2, 1419, 6789, 798, 295, 38, 4, 0, 0, 50, 489, 325, 156, 1342, 50, 84, 11, 0, 0, 0, 0], [0, 0, 0, 0, 0, 0, 0, 0, 0, 0, 0, 0, 0, 0, 0, 0, 0, 0, 0, 0, 0, 0, 0, 0, 0, 0, 0, 0, 0, 0, 16, 51, 30, 1, 0, 0, 0, 0, 16, 449, 536, 290, 66, 92, 78, 0, 0, 0, 0, 0], [0, 0, 0, 0, 0, 0, 0, 0, 0, 0, 0, 0, 0, 0, 0, 0, 0, 0, 0, 0, 0, 0, 0, 0, 0, 0, 0, 0, 0, 0, 0, 0, 0, 0, 0, 0, 0, 0, 0, 117, 428, 335, 176, 92, 15, 0, 0, 0, 0, 0], [0, 0, 0, 0, 0, 0, 0, 0, 0, 0, 0, 0, 0, 0, 0, 0, 0, 0, 0, 0, 0, 0, 0, 0, 0, 0, 0, 0, 0, 0, 0, 0, 0, 0, 0, 0, 0, 0, 0, 0, 1, 38, 16, 0, 0, 0, 0, 0, 0, 0], [0, 0, 0, 0, 0, 0, 0, 0, 0, 0, 0, 0, 0, 0, 0, 0, 0, 0, 0, 0, 0, 0, 0, 0, 0, 0, 0, 0, 0, 0, 0, 0, 0, 0, 0, 0, 0, 0, 0, 0, 0, 0, 0, 0, 0, 0, 0, 0, 0, 0], [0, 0, 0, 0, 0, 0, 0, 0, 0, 0, 0, 0, 0, 0, 0, 0, 0, 0, 0, 0, 0, 0, 0, 0, 0, 0, 0, 0, 0, 0, 0, 0, 0, 0, 0, 0, 0, 0, 0, 0, 0, 0, 0, 0, 0, 0, 0, 0, 0, 0]]
最大通過人数: 39575
最大通過地点: [np.int64(40), np.int64(35)]
フレーム数:30300
スキップf:300
総脱出数: 48844人
脱出数/f: 1.628
平均速度: 2.287
淵野辺民: 10104
淵野辺ワーカー: 38740
上位20: [39575, 38520, 38099, 36469, 36349, 34510, 34402, 33368, 33365, 31754, 31185, 31071, 29481, 29280, 29225, 29175, 29130, 28867, 28728, 28687]
第一四分位数: 489.25
第二四分位数: 8955.0
第三四分位数: 17784.25
標準偏差: 9377.235
-------------------------------
終了時刻: 2024/12/09 01:32(AM)
朝@a05
全部: [[0, 0, 0, 0, 0, 0, 0, 0, 0, 0, 0, 0, 0, 0, 0, 0, 0, 0, 0, 0, 0, 0, 0, 0, 0, 0, 0, 0, 0, 0, 0, 0, 0, 0, 0, 0, 0, 0, 0, 0, 0, 0, 0, 0, 0, 0, 0, 0, 0, 0], [0, 0, 0, 0, 0, 0, 0, 0, 0, 0, 0, 0, 0, 0, 0, 0, 0, 0, 0, 0, 0, 0, 0, 0, 0, 0, 0, 0, 0, 0, 0, 0, 0, 0, 0, 0, 0, 0, 0, 0, 0, 0, 0, 0, 0, 0, 0, 0, 0, 0], [0, 0, 0, 0, 0, 0, 0, 0, 0, 0, 0, 0, 0, 0, 0, 0, 0, 0, 0, 0, 0, 0, 0, 0, 0, 0, 0, 0, 0, 0, 0, 0, 0, 0, 0, 0, 0, 0, 0, 0, 0, 0, 0, 0, 0, 0, 0, 0, 0, 0], [0, 0, 0, 0, 0, 0, 0, 0, 0, 0, 0, 0, 0, 0, 0, 0, 0, 0, 0, 0, 0, 0, 0, 0, 0, 0, 0, 0, 0, 0, 0, 0, 0, 0, 0, 0, 0, 0, 0, 0, 0, 0, 0, 0, 0, 0, 0, 0, 0, 0], [0, 0, 0, 0, 0, 0, 0, 0, 0, 0, 0, 0, 0, 0, 0, 0, 0, 0, 0, 0, 0, 0, 0, 0, 0, 0, 0, 0, 0, 0, 0, 0, 0, 0, 0, 0, 0, 0, 0, 0, 0, 0, 0, 0, 0, 0, 0, 0, 0, 0], [0, 0, 0, 0, 0, 0, 0, 0, 0, 0, 0, 0, 0, 0, 0, 0, 0, 0, 0, 0, 0, 0, 0, 0, 0, 0, 0, 0, 0, 0, 0, 0, 0, 0, 0, 0, 0, 0, 0, 0, 0, 0, 0, 0, 0, 0, 0, 0, 0, 0], [0, 0, 0, 0, 0, 0, 0, 0, 0, 0, 0, 0, 0, 0, 0, 0, 0, 0, 0, 0, 0, 0, 0, 0, 0, 0, 0, 0, 0, 0, 0, 0, 0, 0, 0, 0, 0, 0, 0, 0, 0, 0, 0, 0, 0, 0, 0, 0, 0, 0], [0, 0, 0, 0, 0, 0, 0, 0, 0, 0, 0, 0, 0, 0, 0, 0, 0, 0, 0, 0, 0, 0, 0, 0, 0, 0, 0, 0, 0, 0, 0, 0, 0, 0, 0, 0, 0, 0, 0, 0, 0, 0, 0, 0, 0, 0, 0, 0, 0, 0], [0, 0, 0, 0, 0, 0, 0, 0, 0, 0, 0, 0, 0, 0, 0, 0, 0, 0, 0, 0, 0, 0, 0, 0, 0, 0, 0, 0, 0, 0, 0, 0, 0, 0, 0, 0, 0, 0, 0, 0, 0, 0, 0, 0, 0, 0, 0, 0, 0, 0], [0, 0, 0, 0, 0, 0, 0, 0, 0, 0, 0, 0, 0, 0, 0, 0, 0, 0, 0, 0, 0, 0, 0, 0, 0, 0, 0, 0, 0, 0, 0, 0, 0, 0, 0, 0, 0, 0, 0, 0, 0, 0, 0, 0, 0, 0, 0, 0, 0, 0], [0, 0, 0, 0, 0, 0, 0, 0, 0, 0, 0, 0, 0, 0, 0, 0, 0, 0, 0, 0, 0, 0, 0, 0, 0, 0, 0, 0, 0, 0, 0, 0, 0, 0, 0, 0, 0, 0, 0, 0, 0, 0, 0, 0, 0, 0, 0, 0, 0, 0], [0, 0, 0, 0, 0, 0, 0, 0, 0, 0, 0, 0, 0, 0, 0, 0, 0, 0, 0, 0, 0, 0, 0, 0, 0, 0, 0, 0, 0, 0, 0, 0, 0, 0, 0, 0, 0, 0, 0, 0, 0, 0, 0, 0, 0, 0, 0, 0, 0, 0], [0, 0, 0, 0, 0, 0, 0, 0, 0, 0, 0, 0, 0, 0, 0, 0, 0, 0, 0, 0, 0, 0, 0, 0, 0, 0, 0, 0, 0, 0, 0, 0, 0, 0, 0, 0, 0, 0, 0, 0, 0, 0, 0, 0, 0, 0, 0, 0, 0, 0], [0, 0, 0, 0, 0, 0, 0, 0, 0, 0, 0, 0, 0, 0, 0, 0, 0, 0, 0, 0, 0, 0, 0, 0, 0, 0, 0, 0, 0, 0, 0, 0, 0, 0, 0, 0, 0, 0, 0, 0, 0, 0, 0, 0, 0, 0, 0, 0, 0, 0], [0, 0, 0, 0, 0, 0, 0, 0, 0, 0, 0, 0, 0, 0, 0, 0, 0, 0, 0, 0, 0, 0, 0, 0, 0, 0, 0, 0, 0, 0, 0, 0, 0, 0, 0, 0, 0, 0, 0, 0, 0, 0, 0, 0, 0, 0, 0, 0, 0, 0], [0, 0, 0, 0, 0, 0, 0, 0, 0, 0, 0, 0, 0, 0, 0, 0, 0, 0, 0, 0, 0, 0, 0, 0, 0, 0, 0, 0, 0, 0, 0, 0, 0, 0, 0, 0, 0, 0, 0, 0, 0, 0, 0, 0, 0, 0, 0, 0, 0, 0], [0, 0, 0, 0, 0, 0, 0, 0, 0, 0, 0, 0, 0, 0, 0, 0, 0, 0, 0, 0, 0, 0, 0, 0, 0, 0, 0, 0, 0, 0, 0, 0, 0, 0, 0, 0, 0, 0, 0, 0, 0, 0, 0, 0, 0, 0, 0, 0, 0, 0], [0, 0, 0, 0, 0, 0, 0, 0, 0, 0, 0, 0, 0, 0, 0, 0, 0, 0, 0, 0, 0, 0, 0, 0, 0, 0, 0, 0, 0, 0, 0, 0, 0, 0, 0, 0, 0, 0, 0, 0, 0, 0, 0, 0, 0, 0, 0, 0, 0, 0], [0, 0, 0, 0, 0, 0, 0, 0, 0, 0, 0, 0, 0, 0, 0, 0, 0, 0, 0, 0, 0, 0, 0, 0, 0, 0, 0, 0, 0, 0, 0, 0, 0, 0, 0, 0, 0, 0, 0, 0, 0, 0, 0, 0, 0, 0, 2, 3, 51, 38], [0, 0, 0, 0, 0, 0, 0, 0, 0, 0, 0, 0, 0, 0, 0, 0, 0, 0, 0, 0, 0, 0, 0, 0, 0, 0, 0, 0, 0, 0, 0, 0, 0, 0, 0, 0, 0, 0, 0, 0, 0, 0, 0, 5, 25, 110, 427, 844, 1383, 554], [0, 0, 0, 0, 0, 0, 0, 0, 0, 0, 0, 0, 0, 0, 0, 0, 0, 0, 0, 0, 0, 0, 0, 0, 0, 0, 0, 0, 0, 0, 0, 0, 0, 0, 0, 0, 0, 0, 0, 0, 0, 3, 59, 293, 1091, 2913, 6816, 17286, 19408, 5411], [0, 0, 0, 0, 0, 0, 0, 0, 0, 0, 0, 0, 0, 0, 0, 0, 0, 0, 0, 0, 0, 0, 0, 0, 0, 0, 0, 0, 0, 0, 0, 0, 0, 0, 0, 0, 0, 0, 0, 0, 35, 302, 1072, 2903, 5753, 9861, 12772, 6376, 1380, 437], [0, 0, 0, 0, 0, 0, 0, 0, 0, 0, 0, 0, 0, 0, 0, 0, 0, 0, 0, 0, 0, 0, 0, 0, 0, 0, 0, 0, 0, 0, 0, 0, 0, 0, 0, 0, 0, 0, 12, 158, 979, 2679, 5354, 8353, 10919, 12118, 12886, 19849, 19769, 5332], [0, 0, 0, 0, 0, 0, 0, 0, 0, 0, 0, 0, 0, 0, 0, 0, 0, 0, 0, 0, 0, 0, 0, 0, 0, 0, 0, 0, 0, 0, 0, 0, 0, 0, 0, 1, 24, 101, 700, 2252, 4588, 7330, 9350, 11141, 12619, 14189, 14898, 8782, 207, 217], [0, 0, 0, 0, 0, 0, 0, 0, 0, 0, 0, 0, 0, 0, 0, 0, 0, 0, 0, 0, 0, 0, 0, 0, 0, 0, 0, 0, 0, 0, 0, 0, 0, 0, 3, 32, 418, 1647, 3906, 6410, 8512, 10117, 11884, 13005, 13958, 14029, 13541, 8059, 50, 110], [0, 0, 0, 0, 0, 0, 0, 0, 0, 0, 0, 0, 0, 0, 0, 0, 0, 0, 0, 0, 0, 0, 0, 0, 0, 0, 0, 0, 0, 0, 0, 0, 0, 6, 144, 1042, 2955, 5535, 7845, 9437, 11039, 12264, 13173, 13991, 13814, 14746, 14740, 8819, 86, 0], [0, 0, 0, 0, 0, 0, 0, 0, 0, 0, 0, 0, 0, 0, 0, 0, 0, 0, 0, 0, 0, 0, 0, 0, 0, 0, 0, 0, 0, 0, 0, 0, 34, 436, 2170, 4624, 7107, 8963, 10432, 11682, 12519, 13609, 14503, 14764, 15745, 16126, 15902, 9972, 91, 0], [0, 0, 0, 0, 0, 0, 0, 0, 0, 0, 0, 0, 0, 0, 0, 0, 0, 0, 0, 0, 0, 0, 0, 0, 0, 0, 0, 0, 0, 0, 14, 104, 963, 3608, 6280, 8470, 10180, 11525, 12297, 13130, 13820, 14812, 15901, 17144, 17734, 18625, 17764, 10586, 129, 0], [0, 0, 0, 0, 0, 0, 0, 0, 0, 0, 0, 0, 0, 0, 0, 0, 0, 0, 0, 0, 0, 0, 0, 0, 0, 0, 0, 0, 0, 0, 455, 2423, 5525, 8333, 10163, 11781, 12470, 13069, 14234, 14634, 15755, 17363, 18913, 19732, 20095, 19936, 19084, 11031, 138, 0], [0, 0, 0, 0, 0, 0, 0, 0, 0, 0, 0, 0, 0, 0, 0, 0, 0, 0, 0, 0, 0, 0, 0, 0, 0, 0, 0, 1, 3, 4, 7400, 13833, 11504, 12750, 13485, 13821, 14309, 14721, 14956, 16389, 19224, 21095, 22069, 22441, 22512, 21727, 20489, 11873, 133, 0], [0, 0, 0, 0, 0, 0, 0, 0, 0, 0, 0, 0, 0, 0, 0, 0, 0, 0, 0, 0, 0, 0, 0, 25, 95, 343, 967, 2064, 3631, 7398, 19951, 22993, 17699, 16642, 15968, 16043, 15804, 15708, 16549, 19765, 22782, 24523, 24608, 24681, 23939, 23031, 21291, 11941, 145, 0], [0, 0, 0, 0, 0, 0, 0, 0, 0, 0, 0, 0, 0, 0, 0, 0, 0, 25982, 0, 0, 0, 0, 1130, 5877, 7121, 9697, 12862, 16844, 21758, 26211, 28903, 25037, 21764, 18768, 17365, 16659, 16355, 16471, 19298, 23607, 26487, 27172, 26553, 25383, 24089, 22907, 20359, 11684, 156, 0], [0, 0, 0, 0, 0, 0, 0, 0, 0, 0, 0, 0, 0, 0, 0, 0, 0, 26, 0, 0, 1, 2134, 12258, 7312, 10884, 14932, 17775, 20192, 23445, 27027, 27262, 24786, 20894, 18534, 17225, 16602, 15524, 16448, 22272, 27368, 29288, 28876, 26750, 25180, 22881, 20262, 17974, 10074, 155, 1], [0, 0, 0, 0, 0, 0, 0, 0, 0, 0, 0, 0, 0, 0, 0, 0, 0, 15, 0, 22, 3365, 16706, 8073, 12586, 17276, 19664, 20710, 22050, 23826, 26296, 26076, 22920, 18523, 16629, 15694, 14992, 14105, 17098, 26187, 31547, 33567, 31572, 27550, 23024, 20187, 17237, 13970, 7710, 35, 24], [0, 0, 0, 7, 8, 5, 0, 0, 0, 0, 0, 0, 0, 0, 0, 188, 47, 56, 1205, 7383, 21851, 10005, 13436, 18932, 22762, 23234, 21597, 20983, 21730, 23905, 23262, 18604, 14674, 13873, 13074, 12144, 11121, 17825, 27634, 36439, 37789, 34832, 29072, 23801, 16436, 10974, 7216, 3441, 12, 50], [0, 0, 3, 11, 18, 18, 43, 28, 74, 229, 584, 1188, 2127, 3127, 3979, 3213, 6293, 10650, 19036, 29130, 13409, 14633, 19215, 24067, 28966, 28371, 21527, 17726, 15933, 15633, 15164, 11613, 10377, 10153, 9460, 8348, 8520, 17348, 29140, 38643, 39486, 35752, 17524, 19868, 16450, 12083, 2041, 442, 105, 62], [0, 0, 13, 5, 0, 0, 295, 6083, 7764, 9960, 12178, 13946, 15605, 17900, 22965, 25348, 24199, 25223, 27159, 21871, 18923, 19243, 20688, 25943, 29048, 10944, 5146, 3193, 2820, 4578, 2849, 3458, 6024, 7160, 6387, 5653, 7825, 13797, 25743, 33246, 34197, 30782, 16779, 614, 466, 405, 204, 14, 8, 32], [0, 0, 4, 10, 0, 0, 341, 8157, 10299, 11049, 12007, 15222, 18583, 20925, 21180, 21218, 21917, 21876, 21206, 20412, 18876, 18857, 22173, 20662, 1110, 2, 0, 15, 63, 350, 37, 127, 3660, 5365, 4836, 6799, 7660, 10677, 21171, 27963, 29301, 28243, 5112, 162, 12, 0, 1, 5, 5, 1], [0, 0, 5, 6, 0, 96, 1692, 9757, 10622, 12230, 16060, 18873, 20193, 20393, 20011, 19419, 18935, 18253, 17697, 16804, 15806, 17631, 13930, 221, 0, 0, 0, 12, 49, 42, 0, 108, 3446, 4642, 6941, 7641, 7980, 8209, 15778, 22841, 24847, 27575, 5656, 99, 0, 0, 0, 0, 0, 0], [0, 0, 4, 16, 86, 1726, 7072, 12339, 13725, 15771, 19344, 20210, 18207, 16456, 15763, 15386, 14675, 13776, 12441, 11054, 10209, 6350, 26, 0, 0, 0, 0, 0, 45, 22, 30, 926, 4002, 7815, 8126, 8358, 6882, 5629, 8734, 18107, 20082, 25471, 6540, 94, 0, 0, 0, 0, 0, 0], [0, 0, 1, 16, 550, 15618, 13729, 11818, 13522, 16988, 24299, 23706, 18280, 14657, 11397, 8570, 6340, 4772, 3419, 2293, 996, 0, 0, 0, 0, 0, 0, 1, 19, 13, 474, 3218, 9788, 8338, 8510, 6838, 5065, 3440, 3073, 9864, 16180, 23280, 5855, 75, 0, 0, 0, 0, 0, 0], [0, 0, 5, 14, 1155, 22265, 14646, 14403, 13982, 17886, 21301, 2963, 521, 333, 779, 503, 339, 217, 105, 24, 0, 0, 0, 0, 0, 0, 0, 0, 10, 10, 2611, 18826, 7160, 8748, 7166, 4718, 2348, 848, 419, 3559, 12336, 20998, 4845, 73, 3, 0, 0, 0, 0, 0], [0, 0, 0, 31, 1148, 23163, 13848, 13824, 13382, 18026, 21610, 199, 96, 30, 61, 62, 2, 0, 0, 0, 0, 0, 0, 0, 0, 0, 0, 0, 1, 21, 2046, 9477, 10572, 7489, 3253, 1227, 396, 73, 29, 952, 6280, 18187, 3788, 98, 22, 0, 0, 0, 0, 0], [0, 0, 0, 0, 576, 24079, 16334, 10826, 6703, 5192, 11867, 6, 0, 0, 0, 0, 0, 0, 0, 0, 0, 0, 0, 0, 0, 0, 0, 0, 0, 16, 2620, 19450, 5401, 1628, 688, 167, 21, 0, 27, 453, 1280, 8511, 2872, 62, 57, 6, 0, 0, 0, 0], [0, 0, 0, 0, 43, 5606, 402, 32, 0, 0, 0, 0, 0, 0, 0, 0, 0, 0, 0, 0, 0, 0, 0, 0, 0, 0, 0, 0, 0, 4, 1457, 6913, 857, 321, 61, 2, 0, 0, 27, 422, 326, 92, 1317, 39, 91, 8, 0, 0, 0, 0], [0, 0, 0, 0, 0, 3, 2, 0, 0, 0, 0, 0, 0, 0, 0, 0, 0, 0, 0, 0, 0, 0, 0, 0, 0, 0, 0, 0, 0, 0, 24, 75, 46, 6, 0, 0, 0, 0, 0, 383, 494, 306, 71, 70, 124, 1, 0, 0, 0, 0], [0, 0, 0, 0, 0, 0, 0, 0, 0, 0, 0, 0, 0, 0, 0, 0, 0, 0, 0, 0, 0, 0, 0, 0, 0, 0, 0, 0, 0, 0, 0, 0, 0, 0, 0, 0, 0, 0, 0, 73, 467, 330, 130, 59, 20, 0, 0, 0, 0, 0], [0, 0, 0, 0, 0, 0, 0, 0, 0, 0, 0, 0, 0, 0, 0, 0, 0, 0, 0, 0, 0, 0, 0, 0, 0, 0, 0, 0, 0, 0, 0, 0, 0, 0, 0, 0, 0, 0, 0, 0, 0, 33, 18, 0, 0, 0, 0, 0, 0, 0], [0, 0, 0, 0, 0, 0, 0, 0, 0, 0, 0, 0, 0, 0, 0, 0, 0, 0, 0, 0, 0, 0, 0, 0, 0, 0, 0, 0, 0, 0, 0, 0, 0, 0, 0, 0, 0, 0, 0, 0, 0, 0, 0, 0, 0, 0, 0, 0, 0, 0], [0, 0, 0, 0, 0, 0, 0, 0, 0, 0, 0, 0, 0, 0, 0, 0, 0, 0, 0, 0, 0, 0, 0, 0, 0, 0, 0, 0, 0, 0, 0, 0, 0, 0, 0, 0, 0, 0, 0, 0, 0, 0, 0, 0, 0, 0, 0, 0, 0, 0]]
最大通過人数: 39486
最大通過地点: [np.int64(40), np.int64(35)]
フレーム数:30300
スキップf:300
総脱出数: 49116人
脱出数/f: 1.637
平均速度: 2.303
淵野辺民: 10148
淵野辺ワーカー: 38968
上位20: [39486, 38643, 37789, 36439, 35752, 34832, 34197, 33567, 33246, 31572, 31547, 30782, 29301, 29288, 29140, 29130, 29072, 29048, 28966, 28903]
第一四分位数: 389.5
第二四分位数: 8570.0
第三四分位数: 17355.5
標準偏差: 9352.365
-------------------------------
終了時刻: 2024/12/09 01:40(AM)
朝ラ@a03
全部: [[0, 0, 0, 0, 0, 0, 0, 0, 0, 0, 0, 0, 0, 0, 0, 0, 0, 0, 0, 0, 0, 0, 0, 0, 0, 0, 0, 0, 0, 0, 0, 0, 0, 0, 0, 0, 0, 0, 0, 0, 0, 0, 0, 0, 0, 0, 0, 0, 0, 0], [0, 0, 0, 0, 0, 0, 0, 0, 0, 0, 0, 0, 0, 0, 0, 0, 0, 0, 0, 0, 0, 0, 0, 0, 0, 0, 0, 0, 0, 0, 0, 0, 0, 0, 0, 0, 0, 0, 0, 0, 0, 0, 0, 0, 0, 0, 0, 0, 0, 0], [0, 0, 0, 0, 0, 0, 0, 0, 0, 0, 0, 0, 0, 0, 0, 0, 0, 0, 0, 0, 0, 0, 0, 0, 0, 0, 0, 0, 0, 0, 0, 0, 0, 0, 0, 0, 0, 0, 0, 0, 0, 0, 0, 0, 0, 0, 0, 0, 0, 0], [0, 0, 0, 0, 0, 0, 0, 0, 0, 0, 0, 0, 0, 0, 0, 0, 0, 0, 0, 0, 0, 0, 0, 0, 0, 0, 0, 0, 0, 0, 0, 0, 0, 0, 0, 0, 0, 0, 0, 0, 0, 0, 0, 0, 0, 0, 0, 0, 0, 0], [0, 0, 0, 0, 0, 0, 0, 0, 0, 0, 0, 0, 0, 0, 0, 0, 0, 0, 0, 0, 0, 0, 0, 0, 0, 0, 0, 0, 0, 0, 0, 0, 0, 0, 0, 0, 0, 0, 0, 0, 0, 0, 0, 0, 0, 0, 0, 0, 0, 0], [0, 0, 0, 0, 0, 0, 0, 0, 0, 0, 0, 0, 0, 0, 0, 0, 0, 0, 0, 0, 0, 0, 0, 0, 0, 0, 0, 0, 0, 0, 0, 0, 0, 0, 0, 0, 0, 0, 0, 0, 0, 0, 0, 0, 0, 0, 0, 0, 0, 0], [0, 0, 0, 0, 0, 0, 0, 0, 0, 0, 0, 0, 0, 0, 0, 0, 0, 0, 0, 0, 0, 0, 0, 0, 0, 0, 0, 0, 0, 0, 0, 0, 0, 0, 0, 0, 0, 0, 0, 0, 0, 0, 0, 0, 0, 0, 0, 0, 0, 0], [0, 0, 0, 0, 0, 0, 0, 0, 0, 0, 0, 0, 0, 0, 0, 0, 0, 0, 0, 0, 0, 0, 0, 0, 0, 0, 0, 0, 0, 0, 0, 0, 0, 0, 0, 0, 0, 0, 0, 0, 0, 0, 0, 0, 0, 0, 0, 0, 0, 0], [0, 0, 0, 0, 0, 0, 0, 0, 0, 0, 0, 0, 0, 0, 0, 0, 0, 0, 0, 0, 0, 0, 0, 0, 0, 0, 0, 0, 0, 0, 0, 0, 0, 0, 0, 0, 0, 0, 0, 0, 0, 0, 0, 0, 0, 0, 0, 0, 0, 0], [0, 0, 0, 0, 0, 0, 0, 0, 0, 0, 0, 0, 0, 0, 0, 0, 0, 0, 0, 0, 0, 0, 0, 0, 0, 0, 0, 0, 0, 0, 0, 0, 0, 0, 0, 0, 0, 0, 0, 0, 0, 0, 0, 0, 0, 0, 0, 0, 0, 0], [0, 0, 0, 0, 0, 0, 0, 0, 0, 0, 0, 0, 0, 0, 0, 0, 0, 0, 0, 0, 0, 0, 0, 0, 0, 0, 0, 0, 0, 0, 0, 0, 0, 0, 0, 0, 0, 0, 0, 0, 0, 0, 0, 0, 0, 0, 0, 0, 0, 0], [0, 0, 0, 0, 0, 0, 0, 0, 0, 0, 0, 0, 0, 0, 0, 0, 0, 0, 0, 0, 0, 0, 0, 0, 0, 0, 0, 0, 0, 0, 0, 0, 0, 0, 0, 0, 0, 0, 0, 0, 0, 0, 0, 0, 0, 0, 0, 0, 0, 0], [0, 0, 0, 0, 0, 0, 0, 0, 0, 0, 0, 0, 0, 0, 0, 0, 0, 0, 0, 0, 0, 0, 0, 0, 0, 0, 0, 0, 0, 0, 0, 0, 0, 0, 0, 0, 0, 0, 0, 0, 0, 0, 0, 0, 0, 0, 0, 0, 0, 0], [0, 0, 0, 0, 0, 0, 0, 0, 0, 0, 0, 0, 0, 0, 0, 0, 0, 0, 0, 0, 0, 0, 0, 0, 0, 0, 0, 0, 0, 0, 0, 0, 0, 0, 0, 0, 0, 0, 0, 0, 0, 0, 0, 0, 0, 0, 0, 0, 0, 0], [0, 0, 0, 0, 0, 0, 0, 0, 0, 0, 0, 0, 0, 0, 0, 0, 0, 0, 0, 0, 0, 0, 0, 0, 0, 0, 0, 0, 0, 0, 0, 0, 0, 0, 0, 0, 0, 0, 0, 0, 0, 0, 0, 0, 0, 0, 0, 0, 0, 0], [0, 0, 0, 0, 0, 0, 0, 0, 0, 0, 0, 0, 0, 0, 0, 0, 0, 0, 0, 0, 0, 0, 0, 0, 0, 0, 0, 0, 0, 0, 0, 0, 0, 0, 0, 0, 0, 0, 0, 0, 0, 0, 0, 0, 0, 0, 0, 0, 0, 0], [0, 0, 0, 0, 0, 0, 0, 0, 0, 0, 0, 0, 0, 0, 0, 0, 0, 0, 0, 0, 0, 0, 0, 0, 0, 0, 0, 0, 0, 0, 0, 0, 0, 0, 0, 0, 0, 0, 0, 0, 0, 0, 0, 0, 0, 0, 0, 0, 0, 0], [0, 0, 0, 0, 0, 0, 0, 0, 0, 0, 0, 0, 0, 0, 0, 0, 0, 0, 0, 0, 0, 0, 0, 0, 0, 0, 0, 0, 0, 0, 0, 0, 0, 0, 0, 0, 0, 0, 0, 0, 0, 0, 0, 0, 0, 0, 0, 0, 0, 0], [0, 0, 0, 0, 0, 0, 0, 0, 0, 0, 0, 0, 0, 0, 0, 0, 0, 0, 0, 0, 0, 0, 0, 0, 0, 0, 0, 0, 0, 0, 0, 0, 0, 0, 0, 0, 0, 0, 0, 0, 0, 0, 0, 0, 0, 0, 2, 64, 117, 20], [0, 0, 0, 0, 0, 0, 0, 0, 0, 0, 0, 0, 0, 0, 0, 0, 0, 0, 0, 0, 0, 0, 0, 0, 0, 0, 0, 0, 0, 0, 0, 0, 0, 0, 0, 0, 0, 0, 0, 0, 0, 0, 0, 21, 261, 1294, 3456, 4642, 6485, 1268], [0, 0, 0, 0, 0, 0, 0, 0, 0, 0, 0, 0, 0, 0, 0, 0, 0, 0, 0, 0, 0, 0, 0, 0, 0, 0, 0, 0, 0, 0, 0, 0, 0, 0, 0, 0, 0, 0, 0, 0, 0, 21, 274, 1593, 4633, 8672, 13440, 26200, 36241, 11348], [0, 0, 0, 0, 0, 0, 0, 0, 0, 0, 0, 0, 0, 0, 0, 0, 0, 0, 0, 0, 0, 0, 0, 0, 0, 0, 0, 0, 0, 0, 0, 0, 0, 0, 0, 0, 0, 0, 0, 0, 110, 1077, 3470, 6891, 9821, 11985, 14445, 11526, 1964, 250], [0, 0, 0, 0, 0, 0, 0, 0, 0, 0, 0, 0, 0, 0, 0, 0, 0, 0, 0, 0, 0, 0, 0, 0, 0, 0, 0, 0, 0, 0, 0, 0, 0, 0, 0, 0, 0, 4, 20, 439, 2555, 5349, 8124, 10101, 10896, 11677, 11232, 5672, 157, 180], [0, 0, 0, 0, 0, 0, 0, 0, 0, 0, 0, 0, 0, 0, 0, 0, 0, 0, 0, 0, 0, 0, 0, 0, 0, 0, 0, 0, 0, 0, 0, 0, 0, 0, 0, 0, 15, 198, 1403, 3968, 6778, 8752, 10147, 10437, 11247, 11262, 9339, 5373, 10, 160], [0, 0, 0, 0, 0, 0, 0, 0, 0, 0, 0, 0, 0, 0, 0, 0, 0, 0, 0, 0, 0, 0, 0, 0, 0, 0, 0, 0, 0, 0, 0, 0, 0, 0, 0, 65, 691, 2665, 5373, 7991, 9451, 10161, 10504, 11251, 11366, 10856, 11216, 7204, 33, 170], [0, 0, 0, 0, 0, 0, 0, 0, 0, 0, 0, 0, 0, 0, 0, 0, 0, 0, 0, 0, 0, 0, 0, 0, 0, 0, 0, 0, 0, 0, 0, 0, 0, 15, 279, 1542, 4094, 6743, 8882, 9680, 10396, 10895, 11775, 11898, 11979, 13027, 13074, 8270, 36, 185], [0, 0, 0, 0, 0, 0, 0, 0, 0, 0, 0, 0, 0, 0, 0, 0, 0, 0, 0, 0, 0, 0, 0, 0, 0, 0, 0, 0, 0, 0, 0, 0, 57, 697, 2614, 5544, 8134, 9623, 10084, 10682, 11204, 11995, 12614, 13804, 14494, 15252, 15369, 9308, 98, 214], [0, 0, 0, 0, 0, 0, 0, 0, 0, 0, 0, 0, 0, 0, 0, 0, 0, 0, 0, 0, 0, 0, 0, 0, 0, 0, 0, 0, 0, 0, 2, 130, 1367, 4046, 7282, 9380, 10457, 10845, 11474, 11882, 12782, 13820, 15134, 16376, 17071, 17936, 17374, 10417, 67, 2851], [0, 0, 0, 0, 0, 0, 0, 0, 0, 0, 0, 0, 0, 0, 0, 0, 0, 0, 0, 0, 0, 0, 0, 0, 0, 0, 0, 0, 0, 0, 489, 2710, 5949, 8755, 10631, 11437, 11785, 12288, 12912, 13503, 14783, 16653, 18354, 19238, 19994, 20070, 19387, 11115, 78, 12339], [0, 0, 0, 0, 0, 0, 0, 0, 0, 0, 0, 0, 0, 0, 0, 0, 0, 0, 0, 0, 0, 0, 0, 0, 0, 0, 0, 0, 0, 3, 7868, 14745, 11684, 12850, 13212, 13152, 13360, 13992, 14328, 15818, 18309, 20540, 21928, 22479, 22515, 22182, 20586, 11892, 102, 14547], [0, 0, 0, 0, 0, 0, 0, 0, 0, 0, 0, 0, 0, 0, 0, 0, 0, 0, 0, 0, 0, 0, 0, 11, 66, 313, 854, 1839, 3567, 7759, 20717, 22936, 18177, 16444, 15491, 15266, 15194, 15205, 16359, 19493, 22538, 24193, 25115, 24606, 23963, 22969, 21225, 11902, 97, 20943], [0, 0, 0, 0, 0, 0, 0, 0, 0, 0, 0, 0, 0, 0, 0, 0, 0, 0, 0, 0, 0, 1, 1086, 5887, 7147, 9468, 12660, 16754, 21999, 26479, 29068, 25689, 20898, 18360, 16705, 16304, 15962, 16001, 18713, 23724, 25938, 26857, 26355, 25117, 23662, 22345, 20293, 11365, 81, 29894], [0, 0, 0, 0, 0, 0, 0, 0, 0, 0, 0, 0, 0, 0, 0, 0, 0, 0, 0, 0, 3, 2270, 12477, 7628, 10655, 14850, 17740, 20333, 23481, 26608, 27266, 24850, 20761, 18168, 16858, 15983, 15786, 16319, 22830, 27407, 28717, 28830, 26919, 24788, 22370, 20303, 17530, 9733, 68, 33258], [0, 0, 0, 0, 0, 0, 0, 0, 0, 0, 0, 0, 0, 0, 0, 0, 0, 0, 0, 22, 3686, 16945, 8549, 12353, 16996, 19881, 21185, 22043, 24201, 26196, 25811, 22661, 18073, 15801, 15248, 14863, 13554, 16905, 26404, 31855, 33233, 31490, 27117, 23063, 19806, 16860, 14158, 7899, 33, 31314], [0, 0, 0, 0, 0, 0, 0, 0, 0, 0, 0, 0, 0, 0, 0, 321, 85, 49, 1102, 7473, 21855, 10229, 12721, 18886, 23062, 23250, 21757, 21504, 21927, 23956, 22973, 18158, 14468, 13919, 13311, 12030, 11016, 18107, 27296, 36685, 37902, 34726, 29297, 23626, 16422, 11205, 7245, 3048, 11, 46792], [0, 0, 0, 0, 0, 0, 13, 24, 85, 240, 576, 1164, 2051, 2658, 3520, 3105, 6450, 10355, 18969, 29201, 13521, 13967, 19080, 23856, 28862, 28155, 21894, 17906, 16247, 15570, 14844, 11086, 10088, 10557, 9644, 8301, 8606, 17172, 28989, 38079, 39374, 36447, 17285, 19632, 17920, 11703, 4331, 512, 56, 26929], [0, 0, 0, 0, 0, 0, 301, 6218, 7896, 10154, 12743, 14552, 16122, 18667, 23179, 25469, 24251, 25162, 27070, 21621, 18487, 19238, 20820, 25801, 28853, 10947, 4882, 3182, 2645, 3999, 2443, 3302, 5995, 6475, 6134, 5757, 7752, 14009, 25675, 33080, 34435, 30628, 15411, 582, 397, 346, 172, 8, 1, 16940], [0, 0, 0, 4, 2, 0, 380, 8477, 10380, 11046, 11917, 14919, 18619, 20339, 20963, 21489, 22327, 22392, 21687, 20436, 18936, 18591, 21950, 20774, 1047, 9, 8, 10, 24, 261, 7, 82, 3439, 5134, 4786, 6640, 7538, 10734, 21179, 27678, 29302, 28354, 5043, 132, 46, 7, 0, 0, 0, 22172], [0, 0, 2, 22, 3, 99, 1502, 9663, 10540, 12348, 15895, 18963, 19686, 20242, 19841, 19191, 18721, 18332, 17727, 16742, 15977, 17845, 14154, 182, 0, 0, 0, 6, 28, 39, 0, 119, 3469, 4535, 6889, 7657, 8004, 8015, 15427, 22937, 24710, 27258, 6051, 111, 5, 0, 0, 0, 0, 17344], [0, 0, 9, 13, 82, 1583, 7075, 12268, 13856, 15867, 19001, 19830, 18128, 16442, 15657, 15577, 14780, 13930, 12921, 11308, 10340, 6397, 19, 0, 0, 0, 0, 0, 21, 20, 33, 985, 3990, 7840, 8143, 8262, 6774, 5462, 8805, 17841, 19975, 25152, 6612, 103, 0, 0, 0, 0, 0, 6820], [0, 0, 8, 22, 567, 15680, 13601, 11799, 13440, 16804, 24177, 23385, 17905, 14405, 11232, 8349, 6354, 4728, 3240, 2249, 923, 0, 0, 0, 0, 0, 0, 0, 9, 3, 515, 3264, 9654, 8239, 8449, 6782, 4736, 3315, 3155, 9709, 16043, 23592, 5896, 90, 0, 0, 0, 0, 0, 7070], [0, 0, 8, 46, 1238, 22090, 14747, 14453, 13958, 17846, 21008, 2849, 484, 244, 640, 407, 279, 159, 99, 38, 0, 0, 0, 0, 0, 0, 0, 0, 7, 6, 2672, 19085, 7010, 8647, 6957, 4380, 2267, 828, 414, 3667, 12127, 21086, 4850, 114, 12, 0, 0, 0, 0, 679], [0, 0, 0, 17, 1054, 23087, 13724, 13719, 13467, 18185, 21644, 201, 79, 32, 9, 7, 0, 0, 0, 0, 0, 0, 0, 0, 0, 0, 0, 0, 2, 16, 1921, 9315, 10641, 7154, 3033, 1189, 389, 39, 11, 1037, 6135, 18088, 3757, 98, 47, 0, 0, 0, 0, 0], [0, 0, 0, 0, 623, 23937, 16154, 10713, 6551, 5000, 11654, 2, 0, 0, 0, 0, 0, 0, 0, 0, 0, 0, 0, 0, 0, 0, 0, 0, 0, 5, 2231, 19012, 5027, 1489, 696, 147, 0, 0, 30, 367, 1349, 8517, 2878, 33, 58, 8, 0, 0, 0, 0], [0, 0, 0, 0, 33, 5594, 466, 22, 0, 0, 0, 0, 0, 0, 0, 0, 0, 0, 0, 0, 0, 0, 0, 0, 0, 0, 0, 0, 0, 0, 1500, 6494, 806, 340, 24, 0, 0, 0, 24, 327, 303, 125, 1291, 56, 49, 7, 0, 0, 0, 0], [0, 0, 0, 0, 0, 0, 0, 0, 0, 0, 0, 0, 0, 0, 0, 0, 0, 0, 0, 0, 0, 0, 0, 0, 0, 0, 0, 0, 0, 0, 28, 59, 33, 0, 0, 0, 0, 0, 0, 337, 409, 233, 56, 69, 38, 0, 0, 0, 0, 0], [0, 0, 0, 0, 0, 0, 0, 0, 0, 0, 0, 0, 0, 0, 0, 0, 0, 0, 0, 0, 0, 0, 0, 0, 0, 0, 0, 0, 0, 0, 0, 0, 0, 0, 0, 0, 0, 0, 0, 59, 234, 339, 112, 81, 13, 0, 0, 0, 0, 0], [0, 0, 0, 0, 0, 0, 0, 0, 0, 0, 0, 0, 0, 0, 0, 0, 0, 0, 0, 0, 0, 0, 0, 0, 0, 0, 0, 0, 0, 0, 0, 0, 0, 0, 0, 0, 0, 0, 0, 0, 0, 50, 32, 0, 0, 0, 0, 0, 0, 0], [0, 0, 0, 0, 0, 0, 0, 0, 0, 0, 0, 0, 0, 0, 0, 0, 0, 0, 0, 0, 0, 0, 0, 0, 0, 0, 0, 0, 0, 0, 0, 0, 0, 0, 0, 0, 0, 0, 0, 0, 0, 0, 0, 0, 0, 0, 0, 0, 0, 0], [0, 0, 0, 0, 0, 0, 0, 0, 0, 0, 0, 0, 0, 0, 0, 0, 0, 0, 0, 0, 0, 0, 0, 0, 0, 0, 0, 0, 0, 0, 0, 0, 0, 0, 0, 0, 0, 0, 0, 0, 0, 0, 0, 0, 0, 0, 0, 0, 0, 0]]
最大通過人数: 46792
最大通過地点: [np.int64(49), np.int64(34)]
フレーム数:30300
スキップf:300
総脱出数: 48954人
脱出数/f: 1.632
平均速度: 2.307
淵野辺民: 10047
淵野辺ワーカー: 38907
上位20: [46792, 39374, 38079, 37902, 36685, 36447, 36241, 34726, 34435, 33258, 33233, 33080, 31855, 31490, 31314, 30628, 29894, 29302, 29297, 29201]
第一四分位数: 696.75
第二四分位数: 10094.5
第三四分位数: 17842.0
標準偏差: 9426.711
-------------------------------
終了時刻: 2024/12/09 01:42(AM)
朝ラ@a01
全部: [[0, 0, 0, 0, 0, 0, 0, 0, 0, 0, 0, 0, 0, 0, 0, 0, 0, 0, 0, 0, 0, 0, 0, 0, 0, 0, 0, 0, 0, 0, 0, 0, 0, 0, 0, 0, 0, 0, 0, 0, 0, 0, 0, 0, 0, 0, 0, 0, 0, 0], [0, 0, 0, 0, 0, 0, 0, 0, 0, 0, 0, 0, 0, 0, 0, 0, 0, 0, 0, 0, 0, 0, 0, 0, 0, 0, 0, 0, 0, 0, 0, 0, 0, 0, 0, 0, 0, 0, 0, 0, 0, 0, 0, 0, 0, 0, 0, 0, 0, 0], [0, 0, 0, 0, 0, 0, 0, 0, 0, 0, 0, 0, 0, 0, 0, 0, 0, 0, 0, 0, 0, 0, 0, 0, 0, 0, 0, 0, 0, 0, 0, 0, 0, 0, 0, 0, 0, 0, 0, 0, 0, 0, 0, 0, 0, 0, 0, 0, 0, 0], [0, 0, 0, 0, 0, 0, 0, 0, 0, 0, 0, 0, 0, 0, 0, 0, 0, 0, 0, 0, 0, 0, 0, 0, 0, 0, 0, 0, 0, 0, 0, 0, 0, 0, 0, 0, 0, 0, 0, 0, 0, 0, 0, 0, 0, 0, 0, 0, 0, 0], [0, 0, 0, 0, 0, 0, 0, 0, 0, 0, 0, 0, 0, 0, 0, 0, 0, 0, 0, 0, 0, 0, 0, 0, 0, 0, 0, 0, 0, 0, 0, 0, 0, 0, 0, 0, 0, 0, 0, 0, 0, 0, 0, 0, 0, 0, 0, 0, 0, 0], [0, 0, 0, 0, 0, 0, 0, 0, 0, 0, 0, 0, 0, 0, 0, 0, 0, 0, 0, 0, 0, 0, 0, 0, 0, 0, 0, 0, 0, 0, 0, 0, 0, 0, 0, 0, 0, 0, 0, 0, 0, 0, 0, 0, 0, 0, 0, 0, 0, 0], [0, 0, 0, 0, 0, 0, 0, 0, 0, 0, 0, 0, 0, 0, 0, 0, 0, 0, 0, 0, 0, 0, 0, 0, 0, 0, 0, 0, 0, 0, 0, 0, 0, 0, 0, 0, 0, 0, 0, 0, 0, 0, 0, 0, 0, 0, 0, 0, 0, 0], [0, 0, 0, 0, 0, 0, 0, 0, 0, 0, 0, 0, 0, 0, 0, 0, 0, 0, 0, 0, 0, 0, 0, 0, 0, 0, 0, 0, 0, 0, 0, 0, 0, 0, 0, 0, 0, 0, 0, 0, 0, 0, 0, 0, 0, 0, 0, 0, 0, 0], [0, 0, 0, 0, 0, 0, 0, 0, 0, 0, 0, 0, 0, 0, 0, 0, 0, 0, 0, 0, 0, 0, 0, 0, 0, 0, 0, 0, 0, 0, 0, 0, 0, 0, 0, 0, 0, 0, 0, 0, 0, 0, 0, 0, 0, 0, 0, 0, 0, 0], [0, 0, 0, 0, 0, 0, 0, 0, 0, 0, 0, 0, 0, 0, 0, 0, 0, 0, 0, 0, 0, 0, 0, 0, 0, 0, 0, 0, 0, 0, 0, 0, 0, 0, 0, 0, 0, 0, 0, 0, 0, 0, 0, 0, 0, 0, 0, 0, 0, 0], [0, 0, 0, 0, 0, 0, 0, 0, 0, 0, 0, 0, 0, 0, 0, 0, 0, 0, 0, 0, 0, 0, 0, 0, 0, 0, 0, 0, 0, 0, 0, 0, 0, 0, 0, 0, 0, 0, 0, 0, 0, 0, 0, 0, 0, 0, 0, 0, 0, 0], [0, 0, 0, 0, 0, 0, 0, 0, 0, 0, 0, 0, 0, 0, 0, 0, 0, 0, 0, 0, 0, 0, 0, 0, 0, 0, 0, 0, 0, 0, 0, 0, 0, 0, 0, 0, 0, 0, 0, 0, 0, 0, 0, 0, 0, 0, 0, 0, 0, 0], [0, 0, 0, 0, 0, 0, 0, 0, 0, 0, 0, 0, 0, 0, 0, 0, 0, 0, 0, 0, 0, 0, 0, 0, 0, 0, 0, 0, 0, 0, 0, 0, 0, 0, 0, 0, 0, 0, 0, 0, 0, 0, 0, 0, 0, 0, 0, 0, 0, 0], [0, 0, 0, 0, 0, 0, 0, 0, 0, 0, 0, 0, 0, 0, 0, 0, 0, 0, 0, 0, 0, 0, 0, 0, 0, 0, 0, 0, 0, 0, 0, 0, 0, 0, 0, 0, 0, 0, 0, 0, 0, 0, 0, 0, 0, 0, 0, 0, 0, 0], [0, 0, 0, 0, 0, 0, 0, 0, 0, 0, 0, 0, 0, 0, 0, 0, 0, 0, 0, 0, 0, 0, 0, 0, 0, 0, 0, 0, 0, 0, 0, 0, 0, 0, 0, 0, 0, 0, 0, 0, 0, 0, 0, 0, 0, 0, 0, 0, 0, 0], [0, 0, 0, 0, 0, 0, 0, 0, 0, 0, 0, 0, 0, 0, 0, 0, 0, 0, 0, 0, 0, 0, 0, 0, 0, 0, 0, 0, 0, 0, 0, 0, 0, 0, 0, 0, 0, 0, 0, 0, 0, 0, 0, 0, 0, 0, 0, 0, 0, 0], [0, 0, 0, 0, 0, 0, 0, 0, 0, 0, 0, 0, 0, 0, 0, 0, 0, 0, 0, 0, 0, 0, 0, 0, 0, 0, 0, 0, 0, 0, 0, 0, 0, 0, 0, 0, 0, 0, 0, 0, 0, 0, 0, 0, 0, 0, 0, 0, 0, 0], [0, 0, 0, 0, 0, 0, 0, 0, 0, 0, 0, 0, 0, 0, 0, 0, 0, 0, 0, 0, 0, 0, 0, 0, 0, 0, 0, 0, 0, 0, 0, 0, 0, 0, 0, 0, 0, 0, 0, 0, 0, 0, 0, 0, 0, 0, 0, 0, 0, 0], [0, 0, 0, 0, 0, 0, 0, 0, 0, 0, 0, 0, 0, 0, 0, 0, 0, 0, 0, 0, 0, 0, 0, 0, 0, 0, 0, 0, 0, 0, 0, 0, 0, 0, 0, 0, 0, 0, 0, 0, 0, 0, 0, 0, 0, 0, 0, 0, 0, 0], [0, 0, 0, 0, 0, 0, 0, 0, 0, 0, 0, 0, 0, 0, 0, 0, 0, 0, 0, 0, 0, 0, 0, 0, 0, 0, 0, 0, 0, 0, 0, 0, 0, 0, 0, 0, 0, 0, 0, 0, 0, 0, 0, 0, 10, 26, 86, 100, 202, 62], [0, 0, 0, 0, 0, 0, 0, 0, 0, 0, 0, 0, 0, 0, 0, 0, 0, 0, 0, 0, 0, 0, 0, 0, 0, 0, 0, 0, 0, 0, 0, 0, 0, 0, 0, 0, 0, 0, 0, 0, 0, 0, 10, 51, 360, 1109, 5193, 14184, 12830, 3323], [0, 0, 0, 0, 0, 0, 0, 0, 0, 0, 0, 0, 0, 0, 0, 0, 0, 0, 0, 0, 0, 0, 0, 0, 0, 0, 0, 0, 0, 0, 0, 0, 0, 0, 0, 0, 0, 0, 0, 0, 2, 60, 310, 1270, 2672, 8930, 9348, 955, 225, 41], [0, 0, 0, 0, 0, 0, 0, 0, 0, 0, 0, 0, 0, 0, 0, 0, 0, 0, 0, 0, 0, 0, 0, 0, 0, 0, 0, 0, 0, 0, 0, 0, 0, 0, 0, 0, 0, 0, 0, 29, 230, 924, 2334, 5563, 9611, 5857, 7498, 13519, 12194, 3180], [0, 0, 0, 0, 0, 0, 0, 0, 0, 0, 0, 0, 0, 0, 0, 0, 0, 0, 0, 0, 0, 0, 0, 0, 0, 0, 0, 0, 0, 0, 0, 0, 0, 0, 0, 0, 0, 11, 126, 628, 1921, 4291, 7449, 8295, 6918, 10382, 7161, 743, 275, 94], [0, 0, 0, 0, 0, 0, 0, 0, 0, 0, 0, 0, 0, 0, 0, 0, 0, 0, 0, 0, 0, 0, 0, 0, 0, 0, 0, 0, 0, 0, 0, 0, 0, 0, 0, 2, 61, 423, 1605, 3715, 6556, 8277, 8925, 9181, 9230, 5818, 10060, 13428, 12179, 3313], [0, 0, 0, 0, 0, 0, 0, 0, 0, 0, 0, 0, 0, 0, 0, 0, 0, 0, 0, 0, 0, 0, 0, 0, 0, 0, 0, 0, 0, 0, 0, 0, 0, 3, 25, 291, 1320, 3387, 6123, 8274, 9397, 10113, 9784, 8803, 9582, 9928, 4645, 1693, 3, 45], [0, 0, 0, 0, 0, 0, 0, 0, 0, 0, 0, 0, 0, 0, 0, 0, 0, 0, 0, 0, 0, 0, 0, 0, 0, 0, 0, 0, 0, 0, 0, 0, 12, 184, 1034, 3117, 5819, 8209, 9670, 10731, 10885, 10412, 10612, 9801, 6508, 6226, 9036, 6755, 5, 11], [0, 0, 0, 0, 0, 0, 0, 0, 0, 0, 0, 0, 0, 0, 0, 0, 0, 0, 0, 0, 0, 0, 0, 0, 0, 0, 0, 0, 0, 0, 37, 72, 718, 2658, 5828, 8192, 9895, 11094, 11608, 11324, 11543, 10230, 7788, 8489, 11691, 13565, 13914, 8859, 0, 5], [0, 0, 0, 0, 0, 0, 0, 0, 0, 0, 0, 0, 0, 0, 0, 0, 0, 0, 0, 0, 0, 0, 0, 0, 0, 0, 0, 0, 0, 0, 1834, 3324, 5878, 9107, 10880, 12347, 12925, 12537, 12174, 11319, 8485, 9175, 12985, 15045, 16481, 18128, 18685, 11128, 3, 0], [0, 0, 0, 0, 0, 0, 0, 0, 0, 0, 0, 0, 0, 0, 0, 0, 0, 0, 0, 0, 0, 0, 0, 0, 0, 0, 12, 23, 24, 31, 12006, 18907, 13820, 14080, 14960, 14506, 13774, 13128, 10287, 8958, 12914, 16212, 18215, 20089, 21457, 22266, 21500, 12635, 1, 0], [0, 0, 0, 0, 0, 0, 0, 0, 0, 0, 0, 0, 0, 0, 0, 0, 0, 0, 0, 0, 0, 0, 0, 61, 302, 785, 1753, 3791, 6513, 10442, 24280, 27146, 20649, 18869, 17180, 15570, 13189, 10194, 10718, 15105, 18840, 21850, 23618, 23989, 24277, 24326, 23594, 13730, 0, 0], [0, 0, 0, 0, 0, 0, 0, 0, 0, 0, 0, 0, 0, 0, 0, 0, 0, 10860, 0, 0, 0, 18, 3191, 10767, 11375, 13671, 16813, 20456, 25849, 30810, 34022, 29765, 24598, 20796, 17597, 14628, 12101, 12104, 15338, 20778, 24449, 25833, 26421, 26122, 25733, 25064, 23725, 13670, 4, 0], [0, 0, 0, 0, 0, 0, 0, 0, 0, 0, 0, 0, 0, 0, 0, 0, 0, 32, 0, 0, 33, 5282, 18727, 10628, 14203, 18225, 21260, 23921, 27534, 31137, 31495, 29139, 24371, 19818, 15594, 13113, 12216, 13853, 20041, 25942, 28768, 29223, 28029, 26483, 25246, 23590, 21705, 12331, 2, 0], [0, 0, 0, 0, 1, 2, 0, 0, 0, 0, 0, 0, 0, 0, 0, 64, 13, 14, 0, 87, 8358, 23896, 13050, 16136, 20388, 22788, 23955, 25395, 28289, 30789, 30631, 27016, 21598, 16781, 13385, 12048, 12124, 15113, 24599, 31621, 33382, 32582, 29042, 25400, 22205, 19209, 16827, 9777, 0, 34], [0, 0, 0, 6, 7, 8, 4, 1, 0, 0, 0, 0, 0, 0, 0, 2378, 321, 285, 2852, 14719, 27320, 15992, 15188, 22351, 25981, 26457, 25094, 25039, 26119, 28699, 27746, 23266, 16646, 12232, 10747, 10153, 10112, 15413, 26392, 36173, 38224, 36440, 31388, 27577, 20923, 16733, 13862, 6709, 0, 37], [0, 0, 7, 14, 22, 20, 127, 169, 346, 800, 1363, 2323, 3375, 4638, 5728, 4788, 8547, 14389, 25817, 32616, 20826, 13599, 21471, 26995, 33373, 31283, 25625, 21522, 21119, 21074, 21037, 15775, 10149, 8307, 7952, 7433, 7505, 14767, 28491, 38965, 39913, 37978, 18549, 7200, 3163, 1213, 441, 258, 39, 38], [0, 0, 10, 22, 5, 0, 707, 10317, 12812, 15030, 17003, 18347, 19250, 20711, 26508, 29069, 26586, 27911, 31217, 27375, 18050, 19861, 22953, 29007, 33389, 16325, 9324, 6964, 5209, 9408, 6894, 5240, 4096, 3635, 3141, 2995, 4865, 11552, 25033, 33392, 35013, 33451, 15256, 617, 421, 176, 15, 4, 9, 0], [0, 0, 2, 31, 1, 1, 811, 12396, 14488, 16007, 17104, 18972, 22252, 24529, 24597, 24941, 25869, 25563, 24416, 21553, 20287, 20674, 24388, 24141, 2628, 47, 33, 24, 10, 24876, 3140, 231, 380, 514, 1089, 3739, 6328, 9910, 20278, 28039, 30435, 29601, 4074, 62, 10, 2, 0, 0, 2, 0], [0, 0, 7, 39, 1, 132, 2346, 14577, 15147, 15433, 18505, 22348, 23608, 23683, 23341, 22501, 21737, 21405, 20640, 18982, 18315, 20868, 18015, 538, 0, 0, 0, 0, 0, 20706, 17898, 4, 127, 1001, 4230, 7178, 8103, 8842, 15660, 23789, 25276, 27938, 3719, 0, 0, 0, 0, 0, 0, 0], [0, 0, 19, 51, 84, 1757, 7626, 14605, 15668, 18054, 21613, 22712, 21479, 20121, 19247, 18456, 17303, 16506, 15576, 14544, 15213, 10911, 133, 0, 0, 0, 0, 0, 0, 14201, 11363, 136, 1300, 5363, 8659, 8536, 8348, 7319, 9165, 18564, 19659, 24892, 4497, 0, 0, 0, 0, 0, 0, 0], [0, 0, 21, 65, 627, 15646, 13616, 12736, 14670, 18357, 26392, 26170, 20986, 18138, 15556, 12596, 10634, 9054, 7397, 6014, 3355, 20, 0, 0, 0, 0, 0, 0, 0, 18308, 11843, 1421, 7634, 10358, 8338, 8377, 6579, 4662, 3396, 8900, 15084, 22378, 4031, 0, 0, 0, 0, 0, 0, 0], [0, 0, 36, 83, 1336, 22009, 14858, 14448, 14451, 19180, 22338, 4046, 1144, 777, 1882, 1225, 1102, 836, 523, 204, 0, 0, 0, 0, 0, 0, 0, 0, 0, 27045, 1899, 20019, 9623, 7429, 8952, 6204, 3357, 1338, 472, 2536, 10783, 19304, 3510, 0, 0, 0, 0, 0, 0, 0], [0, 0, 0, 41, 1271, 23339, 13794, 13914, 13571, 19021, 21732, 290, 129, 61, 274, 91, 12, 4, 0, 0, 0, 0, 0, 0, 0, 0, 0, 0, 0, 14493, 5855, 7623, 8820, 9777, 4335, 1712, 622, 121, 13, 356, 4997, 17040, 3089, 0, 0, 0, 0, 0, 0, 0], [0, 0, 0, 0, 536, 24307, 16515, 11095, 6919, 5894, 13952, 32, 4, 0, 0, 0, 0, 0, 0, 0, 0, 0, 0, 0, 0, 0, 0, 0, 0, 6954, 6156, 19154, 7667, 1923, 892, 234, 24, 3, 0, 15, 851, 8468, 2944, 0, 0, 0, 0, 0, 0, 0], [0, 0, 0, 0, 46, 5750, 458, 34, 0, 0, 0, 0, 0, 0, 0, 0, 0, 0, 0, 0, 0, 0, 0, 0, 0, 0, 0, 0, 0, 7, 1455, 6455, 892, 397, 43, 8, 0, 0, 0, 0, 9, 142, 1347, 0, 0, 0, 0, 0, 0, 0], [0, 0, 0, 0, 0, 0, 0, 0, 0, 0, 0, 0, 0, 0, 0, 0, 0, 0, 0, 0, 0, 0, 0, 0, 0, 0, 0, 0, 0, 0, 21, 76, 21, 5, 4, 0, 0, 0, 0, 0, 0, 0, 0, 0, 0, 0, 0, 0, 0, 0], [0, 0, 0, 0, 0, 0, 0, 0, 0, 0, 0, 0, 0, 0, 0, 0, 0, 0, 0, 0, 0, 0, 0, 0, 0, 0, 0, 0, 0, 0, 0, 0, 0, 0, 0, 0, 0, 0, 0, 0, 0, 0, 0, 0, 0, 0, 0, 0, 0, 0], [0, 0, 0, 0, 0, 0, 0, 0, 0, 0, 0, 0, 0, 0, 0, 0, 0, 0, 0, 0, 0, 0, 0, 0, 0, 0, 0, 0, 0, 0, 0, 0, 0, 0, 0, 0, 0, 0, 0, 0, 0, 0, 0, 0, 0, 0, 0, 0, 0, 0], [0, 0, 0, 0, 0, 0, 0, 0, 0, 0, 0, 0, 0, 0, 0, 0, 0, 0, 0, 0, 0, 0, 0, 0, 0, 0, 0, 0, 0, 0, 0, 0, 0, 0, 0, 0, 0, 0, 0, 0, 0, 0, 0, 0, 0, 0, 0, 0, 0, 0], [0, 0, 0, 0, 0, 0, 0, 0, 0, 0, 0, 0, 0, 0, 0, 0, 0, 0, 0, 0, 0, 0, 0, 0, 0, 0, 0, 0, 0, 0, 0, 0, 0, 0, 0, 0, 0, 0, 0, 0, 0, 0, 0, 0, 0, 0, 0, 0, 0, 0]]
最大通過人数: 39913
最大通過地点: [np.int64(40), np.int64(35)]
フレーム数:30300
スキップf:300
総脱出数: 49425人
脱出数/f: 1.647
平均速度: 2.307
淵野辺民: 10451
淵野辺ワーカー: 38974
上位20: [39913, 38965, 38224, 37978, 36440, 36173, 35013, 34022, 33451, 33392, 33389, 33382, 33373, 32616, 32582, 31621, 31495, 31388, 31283, 31217]
第一四分位数: 978.0
第二四分位数: 9777.0
第三四分位数: 18939.5
標準偏差: 9945.863
-------------------------------
